10280.0
9631.0
9512.0
11367.499555712977
12089.304183796146
12460.52366317645
12435.941533726007
0.0
6108.764348018775
7488.617431515516
9454.52311898393
9890.96946942537
10038.21419800996
9863.04341010455
0.0
6027.756220340825
9043.874956686079
11550.722865617689
12396.784798328936
12663.980132018844
12463.90554973004
0.0
6016.567580014867
7364.909201609811
9309.59677968022
9740.01640606538
9884.718289726088
9709.32955181636
0.0
5943.121560884914
8936.533292409358
11413.872662023034
12250.524347760042
12512.213895069954
12391.274825836612
0.0
0.0
4675.718651311176
7511.175570780927
9098.936731051042
9612.163785442815
9652.45535971838
0.0
5956.978063167222
8946.80200462744
11419.839580973505
12253.220534624441
12513.276894241912
12391.590801924012
0.0
6020.193628845087
