7959.0
7081.0
6124.0
7445.619342480144
7998.374454314958
8522.183689223999
8980.18540552724
0.0
3622.5606350687367
4143.5554897018
4805.895531869288
5340.223808667355
5803.800945113747
6229.457164104548
0.0
3284.8201128609007
5424.4296767377
6671.774502870418
7591.996728371946
8280.684794859819
8785.729395045113
0.0
3545.829013766274
4061.015284729329
4715.30545004438
5245.088946337386
5706.057710646782
6130.164525666157
0.0
3220.4123885025974
5347.581478666606
6584.6044033189255
7498.886758925518
8184.12529865583
8739.354034550382
0.0
3539.4823188466885
4058.1178248267875
4713.556469747719
5244.054324792585
5810.230088538522
6272.57070372211
0.0
3237.4270070962552
5460.359009244631
6732.139339449784
7669.78158650246
8368.546395810443
8931.697112114278
0.0
3563.025811107045
