7787.0
6457.0
6633.0
8004.1949930724995
9097.643851248671
9961.616950990328
10499.581285123993
0.0
2186.8548740345823
2287.063783388483
4126.588984359107
5001.552564608581
5803.3042866622245
6217.0333734929345
0.0
2268.8066673102094
4875.937462262136
7581.6339736656255
9226.553140062055
10227.168343851787
10658.896507040732
0.0
2103.347608831257
2152.0341746552335
3974.213761125477
4774.783078770081
5538.853017741508
5924.88358395934
0.0
2206.418197935404
4744.54832774154
7363.763306043815
8959.694633857076
9931.784107596315
10418.72360506875
0.0
2116.411560087023
2122.272130728235
3888.618832103443
4720.466797680145
5502.022770586788
5909.2397603549425
0.0
2209.6646896621382
4748.543805108056
7366.425735593812
8961.233857460824
9932.42532141302
10418.903455591608
0.0
2116.3445760314994
