5680.0
5390.0
5223.0
5755.9443405639295
6049.9099313035595
6425.913323915215
6878.105046236369
0.0
3476.9885925072485
3256.250236124317
3800.9567052710577
4228.11416083256
4629.441979517492
5033.776607690606
0.0
3086.5081932510293
4224.588088947611
5027.271843875062
5727.172282110601
6276.128283725493
6702.213871869057
0.0
3376.842165102963
3166.9897189079816
3702.7485517690993
4126.386170580259
4525.8824576476245
4928.91877633254
0.0
3000.5450713702976
4140.665121426679
4932.564134827971
5627.57314386162
6173.785525180332
6661.800383109858
0.0
0.0
2524.963973407244
2988.6076419667047
3752.456904271003
4305.754912633318
4794.956275232165
0.0
2968.8418582557533
4129.659160647865
4924.915185549793
5623.010128473648
6171.16807462067
6660.21840664179
0.0
3365.5637325499556
