5599.0
3647.0
4013.0
4459.485991409516
4816.6931438924075
5247.3317584813285
5673.961550072427
0.0
2157.3316075340035
1914.589945026165
2346.279549819233
2745.1274668787764
3158.6411811242297
3589.0671807793055
0.0
1820.2362713968628
3424.5192462175373
4008.5787029023877
4651.727371190021
5158.331572025268
5609.741783004059
0.0
2123.6832671323596
1887.6931361682803
2317.3625469816134
2715.9464119710883
3129.376731117518
3559.7014600446987
0.0
1792.9655598336162
3399.128988483636
3980.611413978843
4623.004620615575
5129.270631539301
5603.007000034988
0.0
2121.9269902842084
1887.3638983005333
2317.107246237503
2715.8319376323634
3048.5049270177697
3472.973289100491
0.0
1779.1228249495152
3314.707709191695
3891.824250193357
4524.188967804665
5027.039200672294
5499.075436835864
0.0
2105.1793633978937
