16774.0
12686.0
10608.0
14933.364920457563
15599.217091161338
16847.560458654345
18543.13364529722
0.0
7269.572964967639
7313.7642587933005
6889.631624438953
8769.384126698078
9912.45524948713
11162.421749709585
0.0
5814.37926832916
11809.499190873816
12461.475727411314
14766.791066069429
16716.58511569167
18057.50379058317
0.0
7092.308033517994
7128.230739862651
6743.800725351197
8604.76252195064
9749.289253788269
11002.246700222864
0.0
5662.337521286018
11662.969627999348
12320.214300497013
14608.815688109516
16558.715933730913
18017.764616365726
0.0
7070.585573865718
7122.355899995915
6741.519122629525
8601.601260512005
9950.297226858424
11215.77233217754
0.0
5704.479671766724
11892.162868533807
12539.71187706024
14849.218822351226
16821.05656907854
18282.155481812882
0.0
7124.316297836313
