8654.0
7517.0
7235.0
9272.71060082884
9896.30710960928
10600.117733766077
11046.56138131041
0.0
5762.708344936308
5182.099699736285
6168.047332705388
6492.422287604989
6856.329783415995
7108.117452808899
0.0
4811.596030539041
6928.274516569307
8636.02459882358
9790.08354780415
10629.25455108588
11152.414341113079
0.0
5705.08846044796
5295.649066484665
6322.378004792971
6697.818736233444
7090.234576183534
7363.475880099071
0.0
4791.074747940658
6843.621922024069
8521.878448755786
9651.527435192362
10475.087691528324
11069.239410206868
0.0
5683.810799676293
5287.429752185744
6314.895072691262
6693.193671446676
7086.910132542507
7361.231945876505
0.0
4790.513950545818
6843.404471351029
8521.680961140028
9651.405263991188
10474.999910363003
11069.180150448989
0.0
5683.79598986919
