6957.0
4996.0
4102.0
5181.756066370633
5373.074973012017
5737.956928142886
6096.542976812484
0.0
2596.6698754125114
2401.1262034188794
2664.357092823244
3013.049340383833
3315.713902464889
3644.8734350163654
0.0
2076.220798492971
3553.2957316249754
4233.474832852344
4922.655667465304
5454.144486363784
5895.734198741852
0.0
2534.0616540159876
2361.18438064144
2629.429483220166
2979.805639217281
3284.804186632135
3615.0176427266206
0.0
2054.115914107565
3531.0976173144
4209.155723292617
4896.732585173257
5427.508425558615
5884.265488055312
0.0
2530.859462016182
2359.8842157914387
2628.614016471912
2979.248838150028
3416.3501016157497
3776.5385135879596
0.0
2086.9980657085016
3678.5127094479167
4379.751977030641
5092.864608442851
5638.938232588411
6104.4768780589
0.0
2577.2988593010837
