8060.0
7011.0
7071.0
9552.812809311625
11013.543155792431
11939.131267532166
12256.339691536477
0.0
3633.7146373486175
4957.486774257929
7118.014442663764
8005.1830431877315
8460.96115145864
8510.617424847567
0.0
3750.805584561367
7367.678590120973
10447.85118393578
11983.140717573344
12629.726817361132
12661.97017979456
0.0
3516.9696318699434
4778.535509969331
6937.660762550937
7831.924760833255
8297.869925918707
8353.826650521662
0.0
3685.017715413923
7274.019524520169
10318.63447241933
11838.817703831814
12477.501869759566
12580.393191409374
0.0
3527.2207519585
4792.515153785144
6946.1604766053015
7836.542576679713
8299.588139145724
8354.22443150066
0.0
3684.8694519542823
7273.896090314708
10318.555828808327
11838.780724414377
12477.488608453938
12580.391351316212
0.0
3527.2219728325526
