6456.0
6561.0
6896.0
7309.077245564635
7781.613508483626
8309.520276366748
8876.13818837596
0.0
3749.612021659538
2762.003173055262
3053.9364823192236
3394.306248508703
3756.7771924419026
4227.335187606574
0.0
2223.2442011507073
3531.699339575848
4485.537926429932
5532.143255279909
6452.984422702748
7246.990204039939
0.0
3110.6146937728176
2357.82221644836
2671.207720092462
3035.5815016227543
3427.582934451708
3915.3833040237337
0.0
2033.1181977154001
3362.912191310791
4295.587477186515
5327.818479928032
6239.989696245117
7112.0621169600345
0.0
3060.7303345311107
2332.4531913236588
2650.0382459561542
3018.710716378023
3414.88304013896
3905.436308018439
0.0
2029.6479773441852
3361.1086748164007
4294.102358603743
5326.630756731482
6239.095765376151
7111.362248737891
0.0
3060.486145164158
