11208.0
10769.0
10153.0
10882.97376017733
11399.149758352476
12030.864961901096
12642.94068843604
0.0
3530.33395740356
3221.019961928744
4249.029057535869
4829.3758619524415
5524.520257246501
6164.965366133083
0.0
2738.4117254228977
5795.491006821254
7955.4116681329815
9540.532677659165
10739.19556330249
11681.528943165571
0.0
3390.6862821840086
3157.0108836177515
4170.026326207811
4759.132692898309
5453.688423826643
6095.602278049515
0.0
2698.9755139820963
5749.677469325452
7899.109355447217
9479.904521698405
10675.33881494592
11646.93069504719
0.0
3387.248704357451
3156.4955059545646
4169.293731326915
4758.838676935709
5453.468267502999
6095.484934540665
0.0
2698.963952485581
5749.675762646624
7899.106902838382
9479.903541624364
10675.338079187259
11646.930303381181
0.0
3387.2486657930176
