10342.0
8886.0
7743.0
9642.219525515577
10046.132649466766
10715.310234475728
11360.003674011963
0.0
5472.610808515982
4896.930003352153
5374.293824803825
6029.17175340773
6530.76322856643
7098.988035587519
0.0
4458.397535372091
6898.603999682657
8051.504066757276
9310.37078613405
10236.899049221036
10967.09292621676
0.0
5303.147979083746
4769.1577734142475
5249.008511494006
5901.263281301908
6405.363728425234
6973.769704771048
0.0
4358.234129139537
6801.001113516479
7944.412533558068
9195.667802488131
10119.181154301952
10917.055825927264
0.0
5286.989819205204
4762.890214170695
5244.916716577062
5898.349584381896
6439.74660296752
7015.8083261647635
0.0
4367.812707740684
6841.5506119215115
7990.1270918804485
9248.475984266079
10176.213819729175
10976.493579270746
0.0
5301.054370852984
