7277.0
6945.0
6312.0
9486.714759332137
11336.654193849923
12143.034126297454
12350.872281627933
0.0
4131.750659511423
7235.499108626162
8828.788042508218
9456.408052352697
9566.64821629878
9412.77357626366
0.0
4307.677598045491
8787.392307274713
11221.729374042625
12299.833911326536
12639.751693587892
12488.81328305577
0.0
4009.471338052159
6893.414220799995
8356.116289942953
8914.564940074306
8989.657723060227
8818.16695571503
0.0
4231.211623100453
8477.391858298686
10766.646465786287
11767.036297598956
12067.313669023779
12008.801544971218
0.0
4038.898378721601
6914.065695057937
8367.44094888334
8920.389592050431
8992.589297484517
8819.63123989531
0.0
4231.116496792227
8477.325495175675
10766.61010569157
11767.017602507996
12067.304260721194
12008.79684582904
0.0
4038.89868400012
