11672.0
9728.0
10134.0
12570.51673999564
14549.792311153167
16044.944492948103
16890.092674600462
0.0
3193.1765751118205
4017.2054363939324
7067.117536742844
8825.219047876064
10154.329103626987
10782.755237091305
0.0
3516.534113061877
7295.876729988011
11647.905314606278
14511.14567190651
16327.287451407377
17113.7233628515
0.0
3075.256813867892
3806.4987891630144
6811.584602386836
8260.863922704571
9380.027626261943
9842.067570693813
0.0
3451.373962916835
6992.733936096212
11045.096616700672
13686.461508324732
15354.323232783896
16156.00172763296
0.0
3132.5563210006235
3689.615557962746
6447.321838105625
7986.019906069799
9173.052859722156
9723.154402682962
0.0
3470.027524682305
7021.8832855376
11067.18521192252
13701.846011193404
15363.010876865264
16160.375864190948
0.0
3131.7263109686783
