11782.0
8660.0
8159.0
9761.4359830641
10267.338211803077
11015.24339126658
11564.887563143617
0.0
5566.799654305434
4400.886078084609
5656.745195970525
5940.984893997209
6547.990192009693
7007.9643862728935
0.0
4453.559505971545
6496.181938877589
8296.780299352879
9488.310485999611
10462.473887681099
11185.307762188564
0.0
5424.186176644181
4314.853692617287
5551.497999078964
5844.1907718448265
6448.82997544843
6910.19897143689
0.0
4380.30895599895
6428.2704792007335
8212.799666467492
9401.397685137745
10370.965581048935
11141.255663536227
0.0
5413.283618126653
4312.006131559045
5548.155469073547
5842.637828177565
6513.775372542323
6992.160416477998
0.0
4400.286969246102
6499.640040990805
8301.571547712249
9506.976091745008
10485.087067216748
11261.616360760225
0.0
5442.6760316287655
