11382.0
8173.0
9129.0
11863.941592879562
13412.982916974735
14257.131742845546
14657.826931278083
0.0
4690.159335248138
7519.109092494971
9042.387133605947
9908.293899037053
10323.689179992414
10431.88395117779
0.0
4617.70718259891
9188.663957409626
11871.178714116768
13493.440177185861
14420.495222379363
14782.306088506464
0.0
4600.668842798005
7370.860286547655
8854.502952532992
9693.630678982585
10090.950746794824
10186.94522890028
0.0
4521.357707408444
9032.30103500616
11678.036828828515
13275.272581447342
14185.386594815129
14627.869294412041
0.0
4597.102362458662
7367.019779342587
8852.011927554542
9691.967200250025
10089.825797266652
10186.185698840833
0.0
4521.340482279193
9032.282349215027
11678.02470986581
13275.264489793966
14185.381122668208
14627.865599775985
0.0
4597.102278669493
