9389.0
7165.0
7050.0
9598.181848526432
11038.320883866429
11995.809724765684
12578.308458650776
0.0
3295.8408245416463
4378.8159873652885
5478.75422939175
6098.918800909667
6520.117990687521
6810.481111800981
0.0
3106.2104932977136
7195.083469909479
9724.346490950367
11261.808501607262
12171.927189518141
12691.1192737445
0.0
3253.6627209035905
4365.430979843499
5480.7355005726495
6111.49723553944
6538.419127561085
6832.00294586434
0.0
3062.6773300786
7127.5117706531155
9642.304359949627
11171.881977077077
12077.636850466193
12638.73751926553
0.0
3252.971607126683
4366.281268841198
5481.142608500152
6111.772924421737
6538.566066527693
6832.085548518914
0.0
3062.678460430655
7127.510451003648
9642.303731284457
11171.881549528976
12077.636622758613
12638.737391189386
0.0
3252.9716053712255
