12689.0
9652.0
10554.0
12243.822149824646
13439.5533755717
14302.799597056146
14892.430561920553
0.0
5768.775718353599
5803.2686388742895
7888.490018965719
8532.083964322812
9285.822529086608
9711.408867643333
0.0
5229.591185385032
8449.756410127993
11446.507825409626
13040.721057813531
14138.92854076652
14752.11229779954
0.0
5699.292960348666
5726.4976211967605
7787.907547488001
8424.79931750019
9172.216083275023
9595.575617068876
0.0
5160.927550843982
8371.735438754698
11345.536873076946
12933.01090325852
14025.159711911736
14692.86775643542
0.0
5696.79969515609
5729.307136552306
7788.671752024577
8425.752383203735
9273.986371871768
9739.885408727014
0.0
5178.418028306616
8471.115687179323
11491.655565628604
13111.320835792176
14219.478974411108
14896.252513502437
0.0
5718.1367428209105
