5616.0
5024.0
4456.0
5611.916821323766
5807.873710757551
6230.489772980107
6626.276977096204
0.0
3311.566311126477
2652.9434982154
2925.5308099828626
3304.8822153587575
3569.4388035556804
3913.928877716111
0.0
2575.4702719728884
4062.529091716092
4651.719002624837
5429.131918156911
5968.591434361817
6436.096918580348
0.0
3242.906112321054
2618.986197100666
2897.0046761490385
3278.4151469484814
3546.9698745219403
3892.7484368636747
0.0
2558.401780410343
4047.710143874492
4635.479440694069
5411.838414166132
5951.073404588838
6429.425714350771
0.0
3240.242038841975
2618.157839143236
2896.3887973752044
3277.9747941563337
3566.1458933023373
3914.2534383286943
0.0
2564.0884239520033
4069.4552047689044
4658.525895061712
5438.610855432534
5979.781629058216
6459.186813300903
0.0
3248.280695603201
