7655.0
5347.0
7005.0
8350.757189898884
9278.045089582549
9835.74087880217
10135.162016955017
0.0
3303.5253080451844
4585.830196790052
5750.048923059147
6420.137214827271
6809.12695100294
6986.761492723457
0.0
3142.3453038039406
5525.453996264505
7313.593182136172
8461.77172173865
9176.416184851993
9514.83176519695
0.0
3108.5688449391705
4310.102880250342
5396.411346890023
6015.23232506337
6367.755832397819
6520.166116347539
0.0
2953.819670275138
5347.763219752365
7119.84947125837
8262.4569494589
8972.198360418543
9374.82049932251
0.0
3102.829445120191
4309.325963052935
5395.51032732182
6014.722067055244
6367.383428110106
6519.911623555818
0.0
2953.809262740187
5347.761823311761
7119.847845268128
8262.456030066929
8972.197689165137
9374.820040666355
0.0
3102.8294263652588
