9857.0
7293.0
5847.0
7941.914921893529
9112.990434379657
10044.263389238486
10439.869570609215
0.0
3502.563065914427
4265.49148562131
5925.227826403067
6540.574829174509
6936.328737615563
7032.065108447278
0.0
3444.0123319641853
6226.159054939032
8645.3215461112
10041.372895862909
10745.226016252383
10978.438293201853
0.0
3631.1941977501947
4423.6106955443765
6159.942869075128
6807.290002429136
7224.940759259612
7328.588418385337
0.0
3585.6483744235616
6412.854815499373
8896.47223365646
10145.264427433105
10773.385396254955
10981.141721946875
0.0
3628.939032897568
4422.172959259785
6158.957673755426
6806.827559298971
7224.726973380306
7328.517607676939
0.0
3585.660523450435
6412.867599372756
8896.480212243601
10145.268832996622
10773.387375590624
10981.142492185605
0.0
3628.938931750961
