10538.0
8657.0
9694.0
11620.796745626267
12743.504566169711
13690.805817586912
14417.688593028255
0.0
5978.585438466735
5695.9877208018
7186.057201030062
7769.525777957057
8480.546069691072
9039.362460177768
0.0
5127.067844088193
8307.502016008963
10727.309217927663
12260.913482747335
13394.20513234137
14137.296816997594
0.0
5823.958159658865
5495.498613548214
6936.862917197456
7498.551923721248
8194.368703426415
8745.070594847755
0.0
4969.767706913444
8106.371353208722
10477.420651103603
11989.640592222575
13107.814719248885
13953.620649418448
0.0
5797.021309379352
5489.894622641605
6930.161336674591
7495.792407703942
8192.344146085326
8744.019278848536
0.0
4969.621142846685
8106.341888086914
10477.384539472758
11989.625880382477
13107.803849524777
13953.615025988609
0.0
5797.020526216516
