9318.0
6139.0
5487.0
7288.179981530615
8164.2390604006605
9069.878172564993
9673.213175611154
0.0
3794.849972607222
3365.8311565059753
4556.719696665387
4904.646891503251
5437.913015961906
5791.698132647694
0.0
3101.057756065707
4962.239625013922
6811.200672477198
7979.870774349645
8908.749294313706
9526.989770770224
0.0
3712.209821348741
3279.2316025153987
4443.560829878296
4782.900930077932
5306.778878193137
5655.820958481564
0.0
3019.3507255896566
4875.575343972284
6698.220095155283
7858.145218234489
8777.66625696695
9448.731142584988
0.0
3700.8310912555007
3277.8602303554967
4440.456082401064
4781.773871595484
5396.735875414225
5785.524504755719
0.0
3043.950833173676
4971.387670758988
6835.98988943857
8028.611260965115
8968.27358543732
9653.345358821249
0.0
3737.4427954535104
