10457.0
7361.0
8378.0
10364.481286631782
12230.845920945323
13911.950858953656
15360.207476134692
0.0
6308.353944378341
4214.7185212395725
7304.17223492445
7608.5037462366545
9275.37958534719
10074.278416713598
0.0
5055.102481080632
6144.0198034686755
9710.022989531642
11435.60690541846
13570.554906276497
14809.77614954667
0.0
5963.573806144721
4037.6169929204143
7029.204391298968
7382.049334557156
9020.31168813018
9832.90029071402
0.0
4803.947213987378
5976.327466801573
9470.66532869151
11218.506317531223
13330.675088684919
14773.346291312124
0.0
5977.8391185608
4048.250117691485
7038.899622332637
7388.525906955813
9025.381594148628
9836.346583679966
0.0
4804.538832015043
5976.22243123565
9470.814010343256
11218.47510304517
13330.72178802749
14773.3411706869
0.0
5977.832265926665
