8628.0
7030.0
6834.0
8492.06470348791
9488.620777325763
10177.145687206812
10606.735286331561
0.0
2866.713888382593
3908.8006389355282
4864.020049450407
5440.497927644545
5808.650690588559
6026.926511364447
0.0
2644.0692211150617
5475.656787294716
7437.954863619743
8746.345406533004
9597.403482765947
10090.146637409682
0.0
2711.014351905319
3689.846852961783
4588.516980849943
5128.879983841513
5472.379290943018
5674.191865286601
0.0
2494.9773001904114
5338.992910891405
7293.920429118916
8600.922393820532
9450.47125149761
9993.452416679827
0.0
2707.1657318939524
3689.003438142994
4587.7577594103095
5128.422870938588
5472.065155097776
5673.982886498325
0.0
2494.968929162374
5338.991055556926
7293.91876502991
8600.921390473159
9450.470562194248
9993.451958072208
0.0
2707.165713522443
