6878.0
5989.0
5275.0
8204.36943197834
10221.089589402636
10988.972067221282
10911.325928990434
0.0
2183.9172789540435
5422.22711324918
7839.2984149888225
8644.645740887448
8389.821046103501
7714.03827503565
0.0
2881.880335315619
7786.273200752942
11041.095276798362
12111.231878638708
11793.447940774266
10912.286899983465
0.0
2068.1462283296537
5278.795944429343
7695.670044687997
8513.076263417468
8268.533043089858
7597.959476621976
0.0
2846.49429896165
7706.716441220069
10928.848342362171
11985.759323812414
11667.035352926727
10852.05655688969
0.0
0.0
3838.2027941778415
7029.9187499881555
8421.75942376643
8409.457431013963
7755.377904975741
0.0
2811.2748237931382
7671.723792222904
10910.204725213143
11980.82302099013
11668.9668685185
10855.449166546838
0.0
2085.721426072316
