9626.0
9652.0
9179.0
12414.016984001792
14090.229748017578
15650.744716794237
16667.000518062283
0.0
3874.8703130890854
3446.3795712112865
5361.997617094191
6186.243280062943
7182.604416900542
7927.013154081508
0.0
3246.183139763326
8234.92444428092
11790.446937935347
14151.148658146765
15657.378859527755
16771.10638477079
0.0
3936.163596220269
3512.4831629313403
5446.567355409964
6275.092662645178
7275.609852558166
8021.096688251404
0.0
3299.730408868755
8298.373867155766
11872.750209406957
14239.194433225683
15749.903385741734
16818.115857473353
0.0
3936.1103264992607
3509.022745038056
5445.046676350147
6273.93758136326
6662.624044358821
7140.497238086713
0.0
3218.8227934183496
7714.8657853950335
10993.542195288675
13164.848608603716
14584.762985653397
15607.035106908437
0.0
3848.3897864431337
