8959.0
7996.0
9236.0
11120.229846587688
12523.579305318159
13516.84378462984
14167.337409827083
0.0
3682.4381140470778
3600.549396451749
6014.086931910803
6919.461096448531
7909.023481785953
8423.533268673847
0.0
3565.4551393674537
7138.418140879299
10588.853202841063
12516.793391642212
13695.644991162837
14230.277490244174
0.0
3582.4963618445813
3331.7354039409292
5657.918095160869
6509.974562849451
7482.3678321089865
7991.860135817093
0.0
3470.4122032977543
6932.38390108318
10263.51360338551
12130.278645567018
13276.655063926852
13888.613399743193
0.0
3585.9729663236562
3375.146276195125
5679.248314350421
6525.854153289598
7487.667896071054
7994.016660200688
0.0
3470.065837419478
6931.954120455162
10263.258865884414
12130.138626462618
13276.604764372094
13888.600815784697
0.0
3585.977354184653
