12336.0
10576.0
11446.0
10751.073962847899
10844.206435823897
11115.166560123718
11359.072420538461
8400.687154752188
8268.908924740359
7871.742103802857
7595.090928333839
7716.129974769913
7893.36186214599
8192.514315326003
6607.571898716155
6712.872024893128
8069.693296641366
8366.884718133962
9036.55501021905
9716.414806265195
10180.028984708473
7445.452285629695
7467.704118019289
9085.427322380052
9229.853047459745
9921.373696945991
10609.66897039747
11197.070289060908
7969.496576804111
7936.4752418063135
10829.525756223564
11105.990266984434
12111.497852711615
13083.491214470363
13814.470511569452
9345.746689197771
9174.858457766328
10393.128251788445
10153.373871243179
10654.28455115604
11157.144490070194
11607.860263577097
8283.358037649708
8172.5739245975865
11008.105717069006
11241.248172893644
12213.634120249022
13160.75856386101
13872.904893586348
9389.920457455386
9208.266261228897
