9581.0
8895.0
9482.0
12078.181221971117
13726.397505785237
15020.405028227498
15960.870504738776
0.0
4842.452689246987
5903.379840375648
7404.777037836032
8360.359424774952
9111.819022396847
9672.534950487649
0.0
4232.622074512203
7795.12136661972
10591.77116784663
12608.708320021919
14089.755192466566
15050.086026804733
0.0
4495.130093086104
5454.231590805814
6839.461663694572
7721.066175921598
8417.414906930639
8939.233578385603
0.0
3901.2581005169995
7483.502162754752
10240.83971717701
12242.774382407393
13710.121466341396
14790.403350167262
0.0
4472.393223114016
5445.480873779228
6831.700567476444
7715.893392119325
8413.631992401102
8936.548956985165
0.0
3901.020487467381
7483.410185970335
10240.758298035842
12242.720079924515
13710.081762625174
14790.375171653446
0.0
4472.390729012902
