10241.0
9903.0
8866.0
12616.366639291087
14024.586670207627
15265.539890719749
16626.97700603899
0.0
7288.633411967517
8212.166981104821
9991.969189278403
10839.689462843387
11516.106677986583
11964.136134067285
0.0
6576.992894093258
10637.12062626589
13519.8326945221
15325.825774693698
16533.83997475276
17227.485326962626
0.0
7260.168603069049
8082.508666249417
9823.19452460994
10639.114299136172
11297.454437782835
11733.47269079339
0.0
6430.31573966601
10468.493193683602
13316.274676169152
15106.172208380829
16302.290011516892
17100.729929467034
0.0
0.0
5151.676744806928
7469.851369596392
9293.123869096691
10405.64385283222
11181.288243877083
0.0
6350.7682843349585
10442.19485782298
13292.837875109497
15093.30957618803
16293.596922552637
17095.39416762987
0.0
7241.423633292938
