5404.0
5773.0
5036.0
5989.900111225144
6280.892407599693
6678.217741693844
6972.158010145217
0.0
3249.3699464976794
3153.4340984939645
3907.6853808978126
4214.696118055905
4574.4445512763705
4862.208419505712
0.0
2908.4664437464075
4049.908275190349
5093.972725744761
5707.688770800791
6195.620410835638
6551.838977246234
0.0
2996.6730575570255
2896.4772348798983
3600.474134340062
3894.5920675052744
4241.763469631132
4524.089945594891
0.0
2668.228157218615
3961.1893089875357
5005.3107039370425
5648.261108349796
6143.217746664684
6526.731353358626
0.0
2992.9476830184067
2895.653480930579
3599.577926098116
3894.2228475384168
4241.506064601185
4523.958767890477
0.0
2668.208495326895
3961.1849451838557
5005.305969007964
5648.2591553802995
6143.216386172241
6526.730659748468
0.0
2992.947579048262
