10387.0
9173.0
8237.0
9966.563359362972
11011.86454759693
11581.187665095753
11891.399493452951
0.0
2976.739258876978
4985.000898684244
5583.258175541097
6063.941512471649
6432.486791235679
6651.287400126091
0.0
2766.6709689098693
6200.120167189911
8034.9089153534715
9308.440563572522
10265.849233504823
10896.24579743904
0.0
2881.380502333545
4830.298675986709
5444.416370092935
5931.266122125123
6300.479447184735
6520.504873865053
0.0
2724.122874379043
6127.568082496908
7950.057434578017
9213.487162769601
10162.702954055067
10824.225442096169
0.0
0.0
2908.012136181908
4202.990092945356
4973.723106054515
5575.006755960778
5982.77093646912
0.0
2691.849941023426
6076.848551720566
7916.719355259456
9190.212710834401
10144.894246419537
10810.866526568088
0.0
2875.942806198175
