9568.0
7977.0
7397.0
9612.517207210065
10798.778977412305
11800.447340982293
12555.271977649518
0.0
3953.163592228322
4385.917763087607
5667.563004163129
6306.787571395528
6855.282758702516
7235.987379909938
0.0
3388.493195341798
6528.590971848416
8956.344148509685
10593.753244901536
11727.06370350062
12415.08570204869
0.0
3839.428797074719
4234.654803230452
5475.726115701078
6092.577282648363
6625.051047018345
6995.709713298352
0.0
3266.4323710452254
6376.578506376125
8762.952249497652
10378.924655287165
11496.318291387575
12271.309986896344
0.0
0.0
2230.772987460972
3890.9362341112005
5121.811285766409
5967.964082083188
6573.412819667578
0.0
3231.1355066853266
6373.3281353122375
8756.321852740868
10376.273300028395
11494.122052268136
12270.029426401872
0.0
3827.565351716731
