6544.0
5672.0
5412.0
6336.754335353561
6641.7210370726825
7103.687877594948
7583.596398979868
0.0
3744.936173059659
3390.3697524739723
3631.1034074862323
4218.915238691103
4604.243799592618
5064.983349612861
0.0
3231.0163932311493
4996.711316221026
5504.118080527631
6348.79141770728
6943.997959580223
7443.357462842735
0.0
3685.5984459362453
3346.6558016946874
3591.137506301181
4176.8440484243565
4563.674820805973
5024.52191364701
0.0
3193.529644990521
4961.91347110285
5467.619433495849
6309.744385251283
6904.7521282654525
7432.839132860026
0.0
3681.314850223597
3345.5787579273756
3590.5042541113617
4176.341910269998
4486.356946743663
4941.934411241245
0.0
3177.0221087463924
4877.522201292958
5382.5016499604335
6214.498165662303
6803.67318453612
7329.981411588563
0.0
3660.4007556984525
