9828.0
9419.0
8425.0
9676.587495044158
10289.821661617942
10991.498097273745
11552.672730255841
0.0
3972.0452763207822
4114.191935822374
5410.39853185579
6055.1914123850975
6735.761764225297
7291.0757052796625
0.0
3482.1427486865205
5913.243995456735
7957.645872627495
9286.012904050594
10288.3794561809
11003.416532639396
0.0
3754.8210108090852
3881.7144073401596
5118.5640413420515
5743.607288139255
6407.31992775689
6954.6074130628895
0.0
3283.4801269791187
5786.784119431793
7819.720150581033
9161.341789339089
10165.006563715508
10936.895135231814
0.0
3749.2453776867724
3881.753664151588
5117.737288206133
5743.463052062394
6407.131837371566
6954.535357100985
0.0
3283.4760683694867
5786.785007768678
7819.7199158737185
9161.341971162465
10165.00657352643
10936.895175466523
0.0
3749.2453834168127
