5283.0
4181.0
4514.0
5004.081593690402
5275.234280893664
5606.743668706644
5904.861712521318
0.0
3469.072611857851
2781.478294267797
3427.8807596938314
3655.8225543427957
3982.4421179147985
4276.732352021743
0.0
3100.4052027652765
3850.390167538703
4579.0599400898855
5081.390133043201
5489.088146991032
5829.176418780018
0.0
3434.534243877868
2760.5515008752204
3403.5876526912734
3632.849810606188
3959.337963781211
4253.769703132062
0.0
3079.1316578233964
3832.0774742261083
4557.538668787964
5059.544175190131
5466.6873032987905
5822.639016294356
0.0
3432.551864765519
2760.2032599004374
3403.1764411135764
3632.689901452093
3990.238667934887
4286.934994648164
0.0
3086.5723411769204
3864.6606410488644
4592.318373377173
5099.616024890784
5508.3600610556805
5865.526918483029
0.0
3442.2280042964567
