8382.0
6740.0
7100.0
9322.993803937861
10717.385582354618
11764.836439059898
12370.638428143564
0.0
3485.335215577312
3677.6029706574127
5472.21986270641
6170.089487725039
6844.275948253321
7222.253473475589
0.0
3287.7546812373657
6593.68012303537
9388.096611396844
10976.505278379122
11919.341355261211
12366.945100566394
0.0
3390.694849452044
3527.8670981074542
5283.755769903942
5964.746217370644
6630.99153278091
7006.574768178889
0.0
3200.106528743643
6491.289773132479
9247.83521281871
10824.216909968989
11757.855774084797
12283.019877093066
0.0
3394.9171281485314
3537.581849229745
5288.955476646536
5968.081220353688
6632.359048158696
7007.175585523982
0.0
3200.0569373395138
6491.210920751359
9247.791079127488
10824.190316684651
11757.844660228526
12283.01523024383
0.0
3394.917560895916
