10826.0
11755.0
10648.0
13672.521351607664
14868.804806512979
16172.687750428242
16864.054870734173
0.0
6621.608711483267
6361.139246160177
8816.273546208959
9507.590026210002
10394.397655734705
10824.330538080301
0.0
5807.5565179990745
8934.435284631749
12415.951970994209
14342.69463220768
15787.981569891348
16517.83464944144
0.0
6433.962900911498
6350.475929920371
8827.643051555102
9578.700104493715
10485.982780990582
10936.255422320155
0.0
5678.964201815889
8919.487276025122
12437.2431217214
14413.488709092064
15881.731073009165
16774.80440051856
0.0
6479.398096544825
6353.962161517618
8838.521103832229
9581.383880822914
10489.224128418806
10937.577479430502
0.0
5679.00204507847
8919.411501581577
12437.214547997377
14413.456993502581
15881.715490668475
16774.792546679717
0.0
6479.396800034687
