11335.0
9662.0
9854.0
12958.9856427236
14281.84938983648
14296.689192361748
13907.0182750643
0.0
6090.805768965056
10956.272575843814
11928.40534584168
11862.882647047689
11568.103552228631
11035.295242422806
0.0
6275.613761625087
12696.729891524581
14744.95023419943
15150.12217193853
15099.019858806018
14647.789929251456
0.0
5978.363233677975
11191.729689192434
12343.219793633742
12337.357145316697
12077.02433533011
11568.091893618574
0.0
6171.041351357486
12594.253030036132
14625.512503831931
15014.246053460014
14955.426595646477
14570.988847204939
0.0
5979.241065533203
11187.835652919079
12340.78034601302
12336.408478711404
12076.52176397784
11567.76306605068
0.0
6171.051569416724
12594.240230834523
14625.50361277371
15014.242833948101
14955.424986889797
14570.987754078516
0.0
5979.24110306681
