7839.0
6442.0
5276.0
8161.577337551609
9405.104819255603
10280.517285304148
10859.656967834715
0.0
4142.975341806015
5029.947797716489
5760.8911322877175
6249.133161789169
6572.675088030893
6792.310805975596
0.0
3696.065290865842
6906.407978984789
8734.529929936407
9970.205891256293
10781.84239770336
11250.173576570829
0.0
4278.0378788814
5188.580308665169
5940.11699208271
6441.8858650772345
6774.1408874737135
6999.47215298718
0.0
3809.5863503720548
6893.562912089829
8671.105825673829
9871.370546823176
10659.851946405295
11181.877027414746
0.0
4269.905825216272
5184.014974745886
5937.141390343795
6439.934666861034
6772.871295373528
6998.644500523473
0.0
3809.4899960594735
6893.508625116931
8671.070477011288
9871.347364870613
10659.836862453485
11181.867194180166
0.0
4269.904680441906
