5009.0
4504.0
4785.0
5125.783010860776
5419.873910698974
5687.657882412909
5917.436681917441
0.0
2959.9254672121683
2535.7153993258407
3381.1910916304305
3505.8386035087537
3861.5641713778314
4080.1123549398976
0.0
2698.2382976897907
3809.5278525166
4799.73231147865
5233.806864096948
5610.915089114022
5843.392012236707
0.0
2909.7040131835897
2490.172344819925
3324.6930108123524
3450.187167939967
3803.9188084456255
4022.687443511542
0.0
2650.2883930388152
3763.7531618419293
4743.6022431049305
5178.091979494644
5553.33354657808
5825.745027094726
0.0
0.0
1998.6655143244561
2719.9707672715112
3367.616403868915
3699.7644818204335
4012.677260938864
0.0
2652.3535016652777
3764.4733979940193
4744.094253551783
5178.2277841908235
5553.418024971654
5825.765428398012
0.0
2908.674907362854
