8733.0
8999.0
7774.0
10210.602923819479
11135.436011209375
12126.18483263306
13042.567536313254
0.0
4661.465091452566
4640.648717546561
5367.40246180603
6164.2557805915785
6943.492233522435
7747.81008575717
0.0
3855.8073328005567
7637.793368106196
9295.304018968884
10764.434138796167
11921.0703493446
12864.067049875779
0.0
4574.354469062127
4556.331065594343
5277.678727453125
6071.244088299566
6849.111316002775
7652.549675186279
0.0
3782.160888028344
7558.888752856605
9208.5325048582
10673.157789346806
11827.612426317863
12828.44074184134
0.0
4567.3349705294595
4553.721025107178
5276.189073308336
6070.377517763554
6572.6044196729
7311.832710217621
0.0
3731.8721626768274
7261.810936205111
8856.85593141412
10276.408311853354
11406.762092801055
12394.822330526444
0.0
4501.452949215013
