8398.0
7860.0
7358.0
8957.346451567644
9593.930571689541
10318.727345044645
11267.214169017196
0.0
4060.141998378275
4106.794422123723
4851.021111805987
5476.319562668576
6099.748261855011
6719.598547085922
0.0
3410.7471069315784
7077.548398425761
8490.851620452024
9689.473800825439
10566.26764222922
11245.806162765972
0.0
3989.938231221726
4021.6581359851575
4754.552172276615
5374.648690610013
5995.415177750016
6613.916117316164
0.0
3323.850169375887
6987.86895857697
8391.41651362843
9586.389400682903
10461.217272934828
11211.458700343293
0.0
3983.7876571700426
4019.9281000915976
4753.448842114125
5374.118804931939
5995.146922941458
6613.780082621679
0.0
3323.828325703068
6987.862575210949
8391.412550629717
9586.387480131849
10461.216303302881
11211.458208396103
0.0
3983.7875781839384
