11094.0
9207.0
9138.0
11960.91745143303
13196.110340456295
14360.242364458092
14914.662450391483
0.0
6760.680411967072
5884.637210685879
8277.031340781165
8512.44958715289
9261.549750701854
9462.187441463146
0.0
5892.020096453246
8715.33581966966
11891.74965323103
13338.428613906399
14445.470944515007
14936.518055257933
0.0
6695.476997942633
5810.2068726480775
8185.785174238828
8417.658948607286
9162.2538602177
9361.646210316705
0.0
5812.59987310816
8629.172453132942
11777.211608490208
13217.63084283542
14316.300526565079
14868.692124859957
0.0
6689.628142756744
5813.115415095753
8185.537590005012
8418.675007328282
9162.360749721089
9361.93868417988
0.0
5812.659029777157
8629.172705618575
11777.225298903146
13217.631602367877
14316.3039401817
14868.692554241956
0.0
6689.627984068948
