8234.0
8400.0
7182.0
8593.794693858012
8956.596724367231
9538.567369316166
10141.816304044558
0.0
4671.653956147671
3940.52943992591
4329.8445885439805
4915.516849953223
5375.437057289649
5928.326060802921
0.0
3574.316662301803
5843.4201086098765
6855.136846266747
8051.558250975302
8949.362467751973
9693.698190468967
0.0
4497.068908314591
3830.2610937375334
4228.851285537899
4816.375818316997
5282.881535177652
5837.95536380552
0.0
3502.8617930815835
5776.588868462398
6781.726292168052
7972.879725454035
8868.796823039851
9659.017659268564
0.0
4484.8159710247
3825.644579179198
4225.672062937662
4814.066602594149
5171.758201561496
5707.526857500952
0.0
3470.1282995219344
5651.85030220898
6643.23775299419
7812.003623805346
8694.857573268435
9477.480585900177
0.0
4437.915110905228
