9772.0
9079.0
8941.0
9675.948649245485
10144.849994734535
10666.910546659581
10912.96815393393
0.0
4485.054302895667
3757.462355467795
5384.525748930459
5697.346069160485
6394.427602437534
6788.355217303156
0.0
3891.1335200366257
5739.170065843028
7890.4624565315535
8986.061061909568
9903.625782596253
10461.091850325749
0.0
4391.569982946889
3705.867915633436
5297.273309133636
5612.535866477187
6299.999626887539
6693.397119465144
0.0
3828.6742037405575
5674.504859455274
7805.133519405907
8897.030668338264
9808.97256393098
10413.533871542708
0.0
0.0
2119.159802656192
3780.701823807352
5022.106480601783
5868.933471151156
6513.934657779959
0.0
3819.52669705649
5683.412978624436
7806.396270604901
8900.021746394512
9809.71979346517
10414.36008713583
0.0
4387.938976327475
