6708.0
6586.0
6319.0
7793.670076532774
8381.328851777767
8982.970990111433
9139.212596036577
0.0
4050.890982699629
3935.7781063185657
6032.2355918663125
6387.018985274786
7006.235325388629
7029.7995679664755
0.0
3810.0950434443816
5263.670096174075
7769.683694125807
8734.096376870897
9532.075460492475
9664.424836219654
0.0
4034.1270538717436
3787.123201176292
5887.631358785103
6214.7406065060695
6839.595707429926
6858.627408202208
0.0
3722.450300462403
5175.848525318119
7637.227479993037
8592.053679387502
9374.64056663253
9572.299647862654
0.0
4033.307570260293
3799.2921782637354
5893.293738599586
6220.523698996039
6842.091345832884
6860.456337260699
0.0
3722.5524672214224
5175.648307814635
7637.155773363508
8591.956769109856
9374.603849363855
9572.268296097305
0.0
4033.3049920123467
