7940.0
7326.0
6672.0
8934.977488277284
10315.54682689529
11242.18580288607
11780.725791179155
0.0
3385.7319852995834
5056.284647193333
6473.439619996818
7305.129824478108
7799.215369763415
8065.452595506114
0.0
3337.772762008853
6323.544572030349
8480.697703883556
9827.4540525427
10641.41598410136
11018.547190693313
0.0
2997.055344780438
4452.721857458044
5702.06496340231
6429.501745566777
6856.971950475319
7081.482396828707
0.0
2949.504189569606
6010.310771766259
8177.530684087028
9542.633082263657
10366.736753914858
10842.244260125892
0.0
2997.4577000839286
4457.218525494962
5704.920578403102
6431.454849188891
6858.198455291133
7082.257476382832
0.0
2949.501965081451
6010.290715186479
8177.517931995011
9542.624371576137
10366.731283270692
10842.240803389303
0.0
2997.45771001972
