10354.0
8646.0
7229.0
9537.434294341892
10032.516441200723
10505.996012395404
11511.386573806145
0.0
4848.772239108333
5494.309606157025
4315.787406256032
5419.647390974714
6095.437930006257
6540.535741748699
0.0
3513.248656088902
6648.7416757748
6902.692559112298
8345.246373983613
9722.84046787117
10565.339095861033
0.0
4522.736712912034
5150.209290781792
4116.898869131848
5191.898275018066
5871.430774102272
6342.493347590639
0.0
3368.1041423878814
6492.53847725859
6767.550047013099
8186.296512712647
9558.012503821232
10483.441080645765
0.0
4483.0349097448025
5124.769198161078
4106.773170362871
5179.29666127756
5797.063204399033
6255.71269594892
0.0
3345.2940446920447
6404.8890884891925
6678.461270758615
8086.102773398241
9442.509117058595
10362.824463615703
0.0
4448.999848308872
