13957.0
10983.0
13042.0
14481.852775134075
16170.280241913712
17442.327689244084
18658.82060667367
0.0
5421.489316044623
4898.928251991729
7697.975424229817
8776.250622959851
10258.052454727424
11341.994369271117
0.0
4850.54144921581
9498.835872268759
13413.056983263581
15736.661196772702
17409.31452778854
18532.293016502765
0.0
5271.243250477545
4680.400300310443
7421.95926391713
8481.660144373098
9953.484374829954
11035.676091725738
0.0
4693.918870005406
9292.575623676425
13140.295606182517
15445.641021290017
17105.50859656401
18359.56385756366
0.0
5268.573662867228
4693.3854917621875
7426.045403198075
8485.333082276198
9954.354965787274
11036.226136316218
0.0
4693.935172078228
9292.536979942914
13140.284758948032
15445.629873181742
17105.506136527834
18359.56212610962
0.0
5268.573588963829
