11117.0
8887.0
9752.0
13432.934956211357
15545.642435307103
16457.298538344803
16414.388161740622
0.0
5145.884910419895
7929.081370601982
10859.683480152751
11838.424849203975
11917.477377278936
11468.803909686361
0.0
5585.6475013090685
11234.83388019428
15345.379417588863
16955.677575494152
17124.399528655253
16549.79504596673
0.0
5017.910617111014
7778.084956648662
10708.517528980401
11699.324622389713
11787.499946153666
11344.067608459112
0.0
5533.665313483267
11152.194801454565
15233.394001151166
16831.78959119105
16996.624343292875
16487.124676694464
0.0
5030.134519463005
7791.052485583328
10715.95455204301
11702.420488325082
11578.97316413137
11014.30533112758
0.0
5554.070515050706
10986.093785029432
14928.713014219295
16445.811394609165
16581.804627295
16068.993808853771
0.0
5070.249517392076
