9660.0
8003.0
8595.0
11019.860137821812
12697.719932285074
13533.773101075793
13857.611446130693
0.0
2217.1068429001343
4093.7277108338058
7025.492723185236
8485.063562079522
8990.703094645836
8754.118011937824
0.0
2948.7841484469886
7999.034508064087
12326.599341737508
14540.546188668304
15084.446175378305
14623.75719513735
0.0
1946.3673796413445
3767.207341839508
6772.003387124225
8317.973227483304
8886.809814164848
8680.268579819736
0.0
2921.4268596739394
7947.789560274609
12250.121987458662
14451.58862380197
14991.024137068496
14574.197112550119
0.0
0.0
2483.334177242915
5964.81624774989
8075.7544650175
8918.576489809115
8816.268717323572
0.0
0.0
5992.216192377571
11019.648203347995
14076.131463600836
15035.113695273842
14778.781567314985
0.0
1949.5421989574402
