10252.0
7357.0
6564.0
9006.064431700348
10603.268222482071
11803.537654305339
12348.03976456972
0.0
3354.685373426685
4017.153349437842
6235.615101428536
7088.756415935987
7730.990937884805
7968.05235887359
0.0
3482.1248602402175
7043.322454314937
10157.47407172028
11674.292720806738
12364.450106102082
12516.098639023805
0.0
3245.042915299612
3887.5068012804904
6107.3938370931455
6972.8308578861315
7623.607754526622
7865.69276927017
0.0
3430.798223105031
6974.8706290885975
10063.992415944693
11573.374618600552
12259.885905656382
12467.945465063158
0.0
3253.6798166589124
3897.550661623187
6113.017672832668
6975.369051347906
7509.044843900255
7694.2402155177015
0.0
3430.358474953973
6880.349244389009
9902.755999938374
11371.772986149477
12044.39826435842
12250.385041387352
0.0
3261.6071617516054
