6940.0
4599.0
4892.0
6036.57975499345
6581.2518492653
7014.1484191889895
7309.791087204659
0.0
3326.403885964328
3578.7967979001733
4234.22784911135
4572.672118213828
4848.087610762139
5049.423879319324
0.0
2981.8144184801913
4528.884844221158
5648.4861631374115
6371.36354503238
6870.909182349422
7182.274869587667
0.0
3268.698579127261
3517.494621175203
4162.556104809716
4578.270733911791
4883.0506926161825
5107.989204249558
0.0
2952.477036897417
4560.744010899403
5700.406503395431
6440.711930789645
6950.266231694017
7306.576071941447
0.0
3287.6767664395284
3606.9395383977
4283.221674709368
4640.285956484532
4926.304419523829
5134.7240242099
0.0
2956.540005787356
4562.352118458256
5701.672814758658
6441.462474382286
6950.759617044857
7306.887717258622
0.0
3287.7241358909446
