3511.0
3796.0
3251.0
3445.1013784803445
3609.153880676319
3841.8541246319733
4090.6309492340133
0.0
2019.086728612932
1825.5384702644199
2182.337904923391
2434.9587887349317
2698.7507403179648
2963.135677739498
0.0
1856.9943127416955
2706.4765438402214
3109.7938409587628
3485.9972896287386
3784.203835637867
4047.309026007486
0.0
1993.9938629072512
1805.0282634882228
2159.9832422357877
2412.505747122096
2676.17770611143
2940.5036254045085
0.0
1835.2013810513677
2686.5704749663946
3087.8595308389963
3463.7092555331838
3761.7016689284937
4043.257122730799
0.0
1992.9867583863465
1804.8961102221551
2159.8569579641435
2412.461751032041
2659.610607668048
2923.312882821343
0.0
1832.7498721493016
2669.5324841705733
3070.3638734613414
3444.3838160868013
3741.9142722977085
4023.2212109355287
0.0
1990.1184687371929
