5324.0
4673.0
4881.0
5958.225089001471
6613.675549955199
7136.847980486914
7530.29987005202
0.0
2200.2479569643647
2595.148535479194
3549.5384953085986
4014.3623435129443
4448.75438274105
4802.269520078233
0.0
2138.5337615620515
4420.164641034299
5894.688040368999
6697.889036535355
7188.21304315605
7529.482668073304
0.0
2167.7978804573245
2554.0307573821083
3502.7148284104396
3966.6394604939587
4400.750793823089
4754.416799595367
0.0
2108.0144671125126
4382.398482565654
5849.221791664968
6650.808004259051
7140.357409079295
7511.141617834228
0.0
2169.0652062701347
2555.522839677199
3503.351047243923
3966.9136570854944
4410.171673547931
4767.149660023585
0.0
2108.479055586552
4391.203169613882
5861.783717761614
6665.348805058595
7155.43346173839
7526.35299542249
0.0
2169.4043875147718
