7750.0
6865.0
7003.0
8976.702061213447
9907.024814746352
10691.259267150519
11242.661688814067
0.0
4964.82783510306
5278.87653634239
6193.354411689039
6725.880144933041
7142.129339393135
7443.543272662157
0.0
4259.557059836259
6494.343846285793
8205.95934747219
9436.780335460242
10333.973630051736
10892.659180548111
0.0
4804.507349450237
5331.293789564013
6318.860607125349
6920.915102195485
7384.158651940148
7720.178846537958
0.0
4215.70497203985
6606.594391128081
8379.524007978287
9665.634776950601
10600.630849366076
11282.109502663683
0.0
4875.834916774807
5367.993652767224
6348.318680075001
6941.648847626763
7399.256572376298
7731.073737767316
0.0
4217.776633724692
6607.656155983355
8380.377685278783
9666.23536172781
10601.068237624717
11282.425118455318
0.0
4875.894931205473
