9423.0
9351.0
9341.0
11181.659479354068
12181.683205403337
12931.2091498472
13396.298577214126
0.0
4527.253859207603
5444.486416550676
6784.717962300733
7507.207564100039
8019.645290311904
8330.610797887939
0.0
4036.758229878669
7178.300305173687
9585.428569614664
11182.850877068215
12260.267775401244
12883.044302249207
0.0
4397.655737248698
5300.058782348361
6604.382241915338
7308.053089054587
7806.009580577467
8107.463733412526
0.0
3931.1014343715688
7040.4353691988945
9411.63143765551
10987.577327445382
12049.432163943999
12745.760834604087
0.0
4386.195052197872
5296.879737983519
6601.231244154469
7306.1790632485945
7804.65846409111
8106.557468103618
0.0
3931.0248183899366
7040.413846101052
9411.610221290457
10987.564682110893
12049.423054185601
12745.754722339254
0.0
4386.194535399258
