8052.0
6846.0
7320.0
8112.45445524851
8735.362516083384
9357.800750603648
9952.490986895642
0.0
3332.0754232046415
3093.910050683853
3809.0732492154466
4299.183222689218
4859.675780910913
5409.964876456107
0.0
2551.5129800637274
4492.817866661608
5856.213012951199
6939.112468944981
7824.078740700828
8615.549609246096
0.0
2613.5411167428465
2349.1718091019993
2938.19584553666
3377.295623402293
3898.513594846413
4426.003356343477
0.0
1894.3439959708949
4284.06150821124
5697.223517105932
6871.141714728023
7797.897350352242
8594.382871234036
0.0
2609.887291017214
2347.8211218034203
2937.105181967521
3376.673111674657
3898.1066979863117
4425.751976840575
0.0
1894.300296546242
4284.045359766726
5697.210474853809
6871.13427119496
7797.892484835316
8594.37986537028
0.0
2609.8867684823135
