7186.0
6565.0
6040.0
7664.570513936396
8315.217730612852
9146.671288829031
9688.957075475468
0.0
3912.027841260281
3119.720669762748
4548.977890890286
4817.330718973573
5500.302751009663
5920.289035286462
0.0
3262.003432920008
5145.439570214821
7044.926572716569
8107.578632344704
8991.948338601624
9576.026847469868
0.0
3842.271446504208
3051.5512204487723
4458.908129899892
4724.7959270997235
5401.913035691419
5820.7681419953105
0.0
3192.0692677785346
5076.444390160144
6954.558604102919
8014.7726822494415
8893.453432238992
9529.31763923087
0.0
3837.2767273157415
3052.675709250744
4458.119930448379
4725.093329360201
5457.167141944355
5893.528684486735
0.0
3205.489065780841
5131.858121114661
7030.316362379152
8105.684938431337
8991.32200628897
9631.644420340246
0.0
3854.9915160904166
