10369.0
9036.0
8064.0
11009.778426107874
12657.992029241857
13610.916084534525
13980.850458730532
0.0
4658.330067265221
6964.765565429683
8808.705530724135
9664.989682110967
10004.387205299667
10028.817526335342
0.0
4693.387975564823
8934.01881234144
11792.977377490666
13298.423671886678
13980.434112914185
14110.004630179594
0.0
4569.782365935318
6828.8738279285835
8647.068594178836
9490.017191329316
9822.530765867798
9843.452487197863
0.0
4616.948849313732
8816.435310546756
11642.541184707823
13130.13077479499
13802.17682002273
14005.077875166746
0.0
4573.621447436455
6834.862088290109
8650.72930686186
9492.20454627318
9846.794344593345
9880.929574588514
0.0
4616.966682583918
8838.209751258615
11678.612300000821
13175.234374266198
13852.233351463889
14057.79470256812
0.0
4573.085120763553
