10988.0
7605.0
7529.0
9515.93085102753
11017.474776394014
12238.359945105087
12986.105433960623
0.0
4379.773937117057
4472.499647653786
6796.993947697944
7635.529410865153
8531.001280442939
8945.123113825332
0.0
4091.9419219140796
6484.593377451763
9568.926584212073
11261.453175070928
12500.310573248436
13080.409693784348
0.0
4279.853926498268
4212.02116899076
6441.2058156471685
7210.412991441728
8069.161812222034
8461.694268593112
0.0
3972.8001855746443
6278.908904275813
9239.972724131678
10862.894252312992
12051.60419899923
12692.612918100887
0.0
4262.749240039813
4246.484943624364
6457.205850005761
7227.200575919832
8077.314582950701
8467.3156266315
0.0
3972.8615524459806
6278.306500052711
9239.651456670628
10862.604783207686
12051.45659801687
12692.517254333448
0.0
4262.749198237838
