12157.0
12210.0
10223.0
11986.924150175104
12725.0238572548
13640.810956932779
14279.56781799459
0.0
4703.061327285703
5006.963880418889
6838.7510914652175
7675.256182814324
8517.084553500865
9131.737317776902
0.0
4251.810042068947
7151.195009087331
9835.260087438419
11467.645467074537
12655.906398819832
13450.048042360995
0.0
4327.670163936179
4567.424974984997
6268.410019020593
7056.013928516626
7859.876323509203
8457.21164081556
0.0
3880.1989560622123
6968.177187112673
9648.410688237043
11327.170907191436
12525.805909559018
13379.826050208985
0.0
4324.919026724506
4570.114896396171
6269.2663037275315
7056.955314567539
7860.285732264816
8457.48932241336
0.0
3880.215775196729
6968.169315683421
9648.409444656136
11327.168244207418
12525.804935909895
13379.825283943024
0.0
4324.918971484108
