6756.0
6122.0
6135.0
8469.664292419799
9367.168217350954
10238.609887673536
10934.436214972502
0.0
4281.952539371402
4075.133420547038
4703.693405142088
5207.1047424886965
5706.243183054434
6203.24585737249
0.0
3463.779105102985
6576.232257989912
8091.308990910384
9324.875568625455
10230.659595223708
10887.532022666082
0.0
4244.539996140313
4033.7749012191
4656.575817330261
5157.000299237502
5654.359178874425
6150.295463942658
0.0
3424.495433498308
6482.569081109321
7977.926859517255
9196.968782842156
10094.598571048884
10828.364755422259
0.0
4232.589963969038
4029.2229956129477
4653.510991304566
5155.209878804725
5653.304078162315
6149.667801632597
0.0
3424.3770681935243
6482.52309378938
7977.896255818002
9196.950844134435
10094.58800724342
10828.358471008838
0.0
4232.588778853315
