8650.0
6351.0
6978.0
8975.587574737398
10280.439958137791
11087.623713477638
11409.020720171786
0.0
4133.19783633721
4773.738194395661
6784.098611924082
7412.625010251238
7873.655718959176
7933.360554428815
0.0
4048.1762322406303
6811.041665041122
9527.705997619232
10787.684125058258
11432.942359120883
11526.605846001476
0.0
4048.108631613177
4654.871065138956
6649.995702203214
7275.626370218819
7736.897136225945
7797.990506427631
0.0
3983.3098275206917
6729.44876395009
9415.1724396596
10664.156857549378
11301.764618591787
11456.240448724715
0.0
4053.422970439247
4665.080475992034
6655.875940011078
7279.3259555240165
7519.127905777909
7467.021183299951
0.0
3965.818640710487
6536.4162985866515
9094.89048082055
10259.015109462222
10856.22051258888
10993.125520353586
0.0
4043.9351878457096
