5056.0
4915.0
4000.0
6127.831265495521
6680.892199016442
7223.408088125214
7588.079230621067
0.0
3235.056779659155
3144.5232678342145
3556.696026092531
3811.658926710658
4039.699146799212
4246.186234018883
0.0
2702.3285360537184
5092.650873244864
6168.22048487245
6953.008686422745
7463.813353612193
7800.3055343148835
0.0
3375.7747250545476
3293.1134631778114
3724.0877831932394
3987.719562100033
4220.978323738895
4430.462380468752
0.0
2838.0466255830925
5098.093205218118
6154.135103608431
6917.125410309044
7416.938166846734
7782.001030257842
0.0
3372.363758654849
3291.866643720585
3723.2547892487964
3987.253957550296
4220.709602194881
4430.307563571932
0.0
2838.0199157505326
5098.083249582316
6154.128527772975
6917.121722155353
7416.936040143244
7781.999804819681
0.0
3372.3635472413807
