10778.0
9978.0
9914.0
11453.633805702915
12386.609559344482
13204.626324699053
13744.192257873325
0.0
4952.343996711039
5376.68320032943
7542.825461575188
8416.860814614005
9264.227944872404
9760.265675157414
0.0
4641.78586764923
6899.033566992109
9630.717439371441
11100.303783232881
12192.858304255224
12778.782646825322
0.0
4484.717193834259
4819.22381848851
6791.369853292073
7590.062605053547
8376.201958250274
8844.792063441122
0.0
4172.2134075266285
6651.160349630174
9349.973589864498
10874.313419254908
11972.027009246967
12654.009351199622
0.0
4482.640571111359
4827.971462442153
6795.469411847626
7593.659650419186
8377.971660604471
8845.924661391198
0.0
4172.250697685493
6651.090268255075
9349.9439604599
10874.284604897803
11972.013333139865
12654.000279263697
0.0
4482.640233244885
