10031.0
7531.0
7474.0
9095.412638321257
9828.576075699135
10582.268639806518
11097.545208418047
0.0
5171.198551578826
4513.61198754743
5871.584469845041
6189.446254696516
6753.031818796918
7113.010170009425
0.0
4344.442753302622
6220.120555230646
8168.42702624878
9295.244618153713
10213.977927119686
10820.163753046825
0.0
5066.9259012714065
4435.024552705185
5771.128007558163
6172.017383952846
6758.693901701482
7146.355696770292
0.0
4302.8216311008455
6237.874971457368
8197.950122870978
9343.549926653086
10270.068435824356
10932.17776435105
0.0
5091.414441933321
4522.952822039717
5889.388133990863
6232.67387090566
6804.863028841155
7173.4827501869495
0.0
4307.9642689643915
6239.000287983088
8199.526442669545
9344.231204838017
10270.640898097838
10932.495120669813
0.0
5091.473823238772
