11660.0
9354.0
9700.0
13267.8523348976
15188.77214472718
16692.31526541106
17615.53737665093
0.0
6259.380222656183
6644.095674215794
8544.363830045093
9317.989309677412
10016.032856803573
10446.361896088278
0.0
5453.121386391884
9933.8992812605
13395.097936703129
15570.238280089518
17011.6933348464
17824.082436293862
0.0
6280.119698280207
6647.979871868615
8551.745997664177
9323.67647353579
10022.116403733724
10452.238910777494
0.0
5456.14729353177
9811.623448348451
13213.114322641577
15340.499220206462
16755.060496284226
17673.230674409067
0.0
6267.890660968469
6648.235651751106
8550.029649088741
9323.38620350102
10021.707852488806
10452.068282466611
0.0
5456.138283818814
9811.626062401894
13213.11422740798
15340.499934902742
16755.060719896253
17673.230893599753
0.0
6267.890684824328
