11444.0
6738.0
7892.0
11204.0205576459
13170.299793070011
14960.132516205464
16504.33604720039
0.0
6442.553110982326
7387.065263612314
8572.886639716271
9727.249194220989
10726.569335852182
11645.538016508286
0.0
5507.774298202061
8671.744169699556
11049.244348710825
13175.700957722827
14962.828229417883
16286.11665857607
0.0
6191.263945438417
7230.453955642107
8432.748774221289
9603.348286421819
10617.126995492694
11547.034046992836
0.0
5272.516272379087
8527.586015520967
10918.404791427365
13059.340621659343
14859.351811739944
16407.888254914185
0.0
6207.912874827194
7243.30430251038
8442.361136020878
9611.142167312175
10623.292925216245
11551.925236172565
0.0
5273.51887026019
8528.280882684636
10918.941371215662
13059.774370256797
14859.694572099408
16408.1603061648
0.0
6207.968633762881
