14180.0
11272.0
10527.0
12553.077628906296
13531.785900690378
14493.104378417906
15403.952641013528
0.0
5245.304807009631
5857.660426660502
6640.488852207884
7531.089961812473
8352.268338700527
9164.225693203967
0.0
4346.303603200188
8363.270282320398
10519.929509240232
12307.017830736544
13726.96408361923
14910.36828540861
0.0
5165.629086700772
5812.607785067081
6613.315623268882
7512.54224137118
8340.076545340216
9155.97306487823
0.0
4344.33571901472
8361.620642017699
10518.405108863759
12305.522951155926
13725.504035760878
14909.592760547757
0.0
5165.49772447137
5812.535678874476
6613.272748881229
7512.513746555564
8170.2157916227525
8921.133036403151
0.0
4312.226086211587
8172.8772581898265
10272.608497807085
12018.766633688228
13412.025203840167
14579.516335877583
0.0
5118.2614520654315
