22205.0
20061.0
19230.0
23825.5983702245
26547.934029572898
28905.198332889107
30450.126431906152
0.0
10211.172110259535
11694.31998358628
16084.39888956246
18203.383100669467
20050.872539098986
21247.512745001128
0.0
9526.493907078922
15641.900608075977
21869.282648261596
25674.531574052384
28393.572774603243
29986.9941820192
0.0
9989.685677589581
11412.135589512884
15708.26170145607
17782.014599532624
19595.82794854117
20773.98384332669
0.0
9299.874790356105
15357.589280570737
21491.276838021797
25252.184740784454
27937.87554963957
29704.44773540291
0.0
9980.70012555616
11425.718389937585
15714.45698181193
17787.857857842446
18846.929060155722
19612.674926977463
0.0
9189.350487439815
14621.104437373626
20321.176141924843
23766.129779644303
26260.398771459964
27907.24174962517
0.0
9843.601821885915
