14096.0
12178.0
11963.0
15645.692558228096
14802.566430773062
15623.27163614238
16074.176710243448
16390.658124864654
16483.404392282195
16436.4579914713
16284.550976590894
16030.00915050021
15705.910617055679
15322.173433222359
16742.65292614219
16271.919561701176
16763.884903599952
16729.952268407673
16492.84524536265
16348.37697244046
15905.684523581673
16084.396836934156
15643.940883834148
15317.432270986006
14963.817683974417
14481.186837847768
14020.49079204317
13512.57931451703
14830.241416725028
14284.81550030721
15596.3591561484
15511.396321205102
15508.625333416676
15565.738347927003
15277.571791974271
15580.888193612876
15241.771558634697
14994.849152110299
14705.679118626242
14274.5824582097
13854.95998375732
13380.106709297414
14724.161855785092
14199.871401632423
15528.35973730262
15456.944933377297
15465.029216426476
15530.833683254776
15249.623460069353
15558.51164128835
15223.855329277823
