7502.0
6648.0
5494.0
6200.813768865236
6529.0177636073695
7020.568322409149
7558.514223455952
0.0
2492.824052089691
2335.6019216487202
2735.698984814764
3271.0198815521267
3790.5384943725985
4345.450704372082
0.0
1982.980688905593
4520.101499364221
5332.990105490758
6227.584427177448
6946.129712590716
7560.021516908261
0.0
2464.1719810335067
2412.431283208839
2822.807242861903
3371.0944746485825
3897.552429292429
4455.324584114381
0.0
1974.277795647335
4497.129518248245
5302.931589493464
6194.549590211683
6911.309984132196
7550.347544360686
0.0
2461.6839456330376
2411.738666329181
2822.41688890278
3370.8655001750553
3897.4491561892673
4455.268668173893
0.0
1974.2671357969061
4497.126001325073
5302.929845218847
6194.5485335849025
6911.309502261387
7550.347287803749
0.0
2461.6838964180365
