11326.0
14475.0
11502.0
16552.441331184273
18061.14501822037
18893.500118496697
18973.794800068463
0.0
11091.125625253408
13369.984607992206
15287.133127718935
16026.84081800171
16101.223410424289
15696.170585359925
0.0
10639.910217867717
14787.285615278162
17564.11229744913
18964.301009683295
19481.98094019704
19201.081503657373
0.0
10942.358803759658
13783.388624862533
15950.666926761072
16884.90895070116
17089.515336412733
16774.530878719062
0.0
10606.487391929391
15261.088621534862
18272.109721690525
19852.489145203686
20491.048818985408
20475.98022534921
0.0
11117.437238368286
13874.972386139396
16018.111727000567
16930.59290257378
17121.02745472376
16796.17993670802
0.0
10609.540825255128
15262.682600403557
18273.284403904836
19853.284692710196
20491.59759603218
20476.357236176023
0.0
11117.49041287418
