9109.0
7819.0
7127.0
8932.39019531276
9555.548711424872
10264.447761205929
10990.675998371398
0.0
4028.4726871771477
3992.336177229655
4244.849187528539
4921.384803752784
5491.310302869058
6106.324021241508
0.0
3167.206275002002
6645.988314664069
7815.084240702044
9060.882638460438
10061.661939611407
10811.576179581967
0.0
3982.3391222698165
3959.4288380946873
4219.3482830545645
4896.42376019849
5468.109821282841
6083.981935369443
0.0
3150.2148592139147
6564.100627017458
7718.698432146102
8952.628867727188
9945.459186227563
10768.461940840414
0.0
3970.5254934431405
3954.480709624596
4216.875707115096
4894.631912041203
5467.151160946319
6083.422334014489
0.0
3150.092771017975
6564.0430070087405
7718.671508930976
8952.609277185411
9945.4485181092
10768.455789368134
0.0
3970.5241439884667
