9966.0
7580.0
6748.0
8644.080452449312
9158.541074779987
10011.427271859024
10749.045064657348
0.0
5075.876983530978
4288.569500532928
5146.969082970176
5729.328385902171
6375.4221267023195
7040.627223720889
0.0
4133.943447249008
5946.277616853415
7331.059951295632
8555.675732216523
9561.328002887212
10376.496753339345
0.0
4887.946498129442
4276.833137716692
5148.881973128174
5764.968060233776
6428.476019452995
7105.404916557751
0.0
4059.9995226250458
5977.265773840168
7367.165576926055
8612.67428475714
9628.229556519036
10540.320156697366
0.0
4925.894684709341
4291.769330358676
5160.425565036826
5772.268502988347
6433.191209978452
7108.490977704678
0.0
4060.8494008014395
5977.577501488189
7367.418981621176
8612.831718517959
9628.331797696217
10540.387007627889
0.0
4925.913098851964
