9829.0
9079.0
7129.0
9107.503562224483
10045.43459893881
10722.663180211426
10825.181324302379
0.0
4090.615218681906
5494.924056366781
7108.757621249755
7691.779822612428
7944.992100036368
7968.663117001001
0.0
4144.590564645965
7191.424999736825
9445.48953422413
10426.039259444271
10799.224241867341
10802.689298568343
0.0
4028.1493324304015
5408.614087705383
7005.92163681714
7583.692424246489
7835.086112262295
7858.709749366764
0.0
4090.6489999051882
7115.354897265714
9348.236221069781
10320.68069894343
10690.2677692868
10749.188041645923
0.0
0.0
3373.7013415614283
5786.827593677059
7144.049823920187
7693.185942508696
7848.839068870075
0.0
4099.799620263054
7120.654566652284
9351.348221298775
10321.884626009803
10690.664196038391
10749.234380770005
0.0
4032.9930057668116
