9283.0
9614.0
9187.0
10886.102720329625
11902.514782361086
12026.6733349757
11254.744339775118
0.0
3274.2022822139834
7558.7550440486075
10123.084268276398
10430.765639939917
9599.87436917533
8654.325267378286
0.0
4027.0816537502205
9614.222877330805
12694.628685525644
12991.089152090532
11952.701252074843
10801.453323537316
0.0
3343.082442600363
7591.012790861409
10087.417425325713
10354.936433920595
9515.806449264031
8578.382321636645
0.0
4009.103100746265
9566.38514949863
12626.748981479946
12918.143902947108
11882.93735041162
10776.963355602704
0.0
0.0
5407.512378401347
9435.343562956048
10641.60725879325
9989.316529981796
8861.711554096375
0.0
3914.1478768125835
9486.80950071961
12596.752935379578
12922.856714393556
11897.890625330181
10787.498273080695
0.0
3349.7057661699264
