10344.0
8765.0
8685.0
12511.904616768385
14246.700522866076
15497.018939764062
16306.725126898371
0.0
7292.193365517019
8217.092450175733
11663.843135128154
12305.974708139429
12873.774990787442
12632.711139919244
0.0
7003.05473021063
10800.106836524028
15052.928105421908
16573.863328500607
17322.771051945638
17082.265891266215
0.0
7068.3992177189975
7891.469575761584
11349.816061550893
12007.71341480139
12597.077967940115
12367.006184877828
0.0
6863.841030106882
10640.482796867429
14828.341493244534
16333.442151567848
17066.863979106856
16953.616655203135
0.0
0.0
4697.297458457697
8724.579735446601
11150.819384640661
12163.055209275557
12349.18270923582
0.0
6914.061836981349
10665.473310459281
14848.03640392772
16340.385432544423
17070.227948532367
16953.88489730343
0.0
7078.009132541632
