9839.0
9853.0
10925.0
10276.046180094574
10801.00847418949
11141.49242261143
11318.297957558625
9936.504423218883
10212.583305699829
9990.769798520994
9808.249268858957
9995.713832175981
10056.352505489249
10251.179777633153
9232.17235316754
9444.755166962657
9920.812559949825
9876.061899190729
10294.12829305452
10644.25160372738
10817.463293139997
9403.924626508016
9680.010675766678
11348.932073960113
11268.438724134856
12120.69964693786
12873.518947794175
13374.404601861865
10928.760270411765
11389.095053662984
13385.702670892322
13052.009185612773
14063.522349036964
14844.546892594342
15319.95011188928
12365.227443298194
12795.630305197277
14035.410508397326
13480.144113210255
14205.039741869836
14644.81031487315
14927.75271510386
12318.517121250421
12591.020573138077
14448.333745589469
13987.525657041875
14881.64663839847
15565.942344757044
15953.207632326204
12921.230070354146
13284.762319279851
