8314.0
8977.0
7610.0
9741.768389374394
10504.654816528535
11476.777043213131
12084.586935501266
0.0
3774.0439913620535
3510.535098806752
5109.2363876214295
5656.864570246929
6410.983237619355
6954.583039814097
0.0
3370.4646213693745
6869.304497444514
9252.332956236589
10616.493052727623
11490.566186179507
12073.872161639694
0.0
3707.85250206416
3426.695718344236
5009.580480987008
5554.086280234253
6306.113290396282
6849.655900502106
0.0
3298.564931102369
6789.932283487948
9153.258593966442
10514.92184944943
11385.86293938991
12032.861541499497
0.0
3708.8943645155287
3429.749717881787
5010.6915922989565
5554.807301772287
6442.49089869522
7028.782461347428
0.0
3315.3496416485723
6919.498323651684
9332.634399895058
10725.127493163174
11605.458297942356
12256.548827058748
0.0
3726.577824971926
