10784.0
8095.0
8127.0
10454.074410272899
12075.036193451815
13067.138431993879
13520.323998987624
0.0
3296.7925134253505
5513.91721498913
7551.993869247349
8678.880645121113
9228.094574648243
9391.609560959496
0.0
3500.5692114554527
7442.223312105737
10475.970575207979
12271.744261333475
13196.305465426305
13486.656070602143
0.0
3170.079262518596
5307.148164934722
7289.016769361483
8383.483682809929
8914.382257193785
9068.071844769254
0.0
3396.3409484512385
7303.601862099256
10298.893017643588
12073.201264528576
12984.764441025114
13349.93428054096
0.0
3180.8096842348295
5321.012697060454
7298.537665153673
8389.47987575376
8917.819010918261
9069.964406179084
0.0
3396.1684226871575
7303.393366815783
10298.749903355581
12073.11166247804
12984.71315175535
13349.906085498355
0.0
3180.8122586976824
