5959.0
4723.0
4819.0
5449.267511343325
5560.042942192948
5945.864625879078
6326.444754964794
0.0
3807.4444789756653
3076.9768230794316
3074.7871220390048
3739.023419524789
3909.1640763216064
4291.278038076264
0.0
3079.6119149311917
3866.7673760366947
4135.164364656256
5019.29314704103
5492.127305095133
5917.899327520105
0.0
3589.9370635629075
3316.1070104073115
3364.5758354728828
4092.979702059396
4347.744984911132
4756.856819137702
0.0
3177.388349009955
4261.910788562624
4500.8937548369595
5458.7893600606385
5976.244208867736
6480.447025764607
0.0
3779.1014710337895
3415.5173165083197
3410.558384753007
4145.52305559203
4376.12482223467
4776.692904880247
0.0
3185.782177605867
4265.540686146262
4502.877683816724
5460.956559103423
5977.360984003421
6481.274607840604
0.0
3779.4414188884
