7374.0
6200.0
5932.0
8184.860814848717
9475.547674729512
9679.204525464365
9351.434183644888
0.0
2978.0715128944594
6373.145191534364
8098.970227904079
8274.510038076402
7734.534702518843
7062.171128369899
0.0
3442.4246349882924
8002.254533728624
10317.596049175925
10652.002890575159
10072.292339887315
9277.494759465379
0.0
2928.277919420074
6293.969223429151
8007.221976124332
8181.486742668885
7643.8630599232165
6973.645021188323
0.0
3411.179125587737
7935.446529945367
10230.531953756075
10559.206510496322
9980.538529971465
9237.79440519312
0.0
0.0
4418.852120107597
7317.356515690533
8163.9368197774975
7815.182695463169
7109.3083702208605
0.0
3381.806620799216
7912.138008592577
10220.728644378996
10557.96906198356
9982.229530799987
9239.418450719702
0.0
2937.9101781821755
