11280.0
7955.0
8039.0
10604.526494458887
10911.988157461868
11966.541764148937
12595.255153628976
0.0
8639.634247805494
6025.234323734277
7563.824209382522
7803.213236330388
8271.57016848907
8692.139132117934
0.0
7010.822099014384
7400.270531889135
9223.622618611234
10385.354716581338
11358.693286511516
12091.696340753373
0.0
8311.169342228368
6095.860328742746
7633.235152277247
7979.131794506883
8498.73076965307
8963.68549496088
0.0
7014.39357379881
7592.18268935037
9425.283920537806
10652.443417735518
11655.984377162918
12524.143274208633
0.0
8482.137714345325
6161.135975758504
7701.805117917021
8027.107462359015
8535.413099775793
8991.812543971746
0.0
7026.983147896954
7596.674489024383
9430.280447994715
10655.861204721785
11658.62182662089
12526.160553972717
0.0
8483.041199753283
