19898.0
16912.0
16304.0
19797.20606804725
21386.37665522891
22851.558140268186
24432.66532256562
0.0
9612.539905469459
11553.086553716237
11649.275636710969
13260.983687044654
14596.77782512583
15814.77443492358
0.0
7909.594538920292
13598.313803611987
15857.913345591478
18624.54235096273
21022.118697804643
22783.606438906492
0.0
9040.271882208512
10697.376841514866
10764.20872881943
12280.091244455516
13546.786804451127
14722.830470297164
0.0
7469.974144126257
12848.916926269325
15031.626605364718
17691.939867075253
20008.422310501322
21940.927489151036
0.0
8854.800349227851
10542.880872328544
10679.588421041608
12210.917665945704
13494.547501567664
14685.743448010358
0.0
7461.111553415506
12841.826279827555
15027.704497939727
17688.716985172443
20006.000527904816
21939.20647495513
0.0
8854.389300327934
