13459.0
11634.0
10175.0
12753.506025908751
14255.936901207613
15534.322849210519
16345.894296563198
0.0
4546.069475058123
5583.375279812948
7734.287749655806
8833.909160588326
9707.401892068407
10299.750022572665
0.0
4377.178588645307
8730.13643564338
12207.859550633668
14302.10811516576
15601.086352078235
16342.925996997645
0.0
4465.382073204707
5465.412610941783
7589.600458320948
8582.753338737974
9400.885871589155
9956.694845172322
0.0
4289.864716865407
8535.833648364318
11928.541931032187
13974.615423296376
15247.759727972189
16053.470991857113
0.0
4461.990481541747
5387.558111084665
7454.470117040311
8505.81796518101
9353.815377428953
9933.928474184677
0.0
4290.814919301056
8537.764536146264
11929.629921976544
13975.29236255346
15248.086290065015
16053.63214912183
0.0
4461.984174273231
