7080.0
5511.0
5976.0
6757.2359367058
7137.47419792193
7490.403454224799
7799.577367191683
0.0
3531.7788774151013
3983.6789269188425
4372.236654082017
4803.2611729267255
5128.228814700939
5419.101675485506
0.0
3171.841168674471
5271.014072775201
6274.937942195779
7094.093724419467
7684.349724937547
8083.704553535719
0.0
3521.1865904695405
4230.370876943166
4696.108004237279
5182.895576417008
5545.449412817042
5858.540182291391
0.0
3187.2803212901795
5242.22355759097
6216.452608191385
7020.850330092377
7600.97533474688
8044.356901199355
0.0
3513.603984509018
4226.302434053558
4693.833516079088
5181.364234001921
5544.509871961248
5857.9563268916145
0.0
3187.1787712210185
5242.166975075965
6216.421423225764
7020.8293312842325
7600.96242240057
8044.348885217416
0.0
3513.6025898083362
