12767.0
10488.0
10490.0
12346.809204522291
13632.459601192566
14679.804705658416
15571.67994297551
0.0
3107.3051883290245
4430.8906528111675
5689.000267462132
6674.435701606459
7539.825603242831
8336.924150822328
0.0
2919.806655901685
7932.978744781307
10938.062439870844
12918.314922965772
14301.65715849375
15295.453176207391
0.0
3023.512786653647
4314.492713131411
5550.918164522975
6468.272275411539
7299.581054482275
8077.650262653544
0.0
2835.302865036375
7759.051848065648
10714.524911608009
12667.921445513466
14037.097985089
15101.05684756914
0.0
3019.1652475663986
4257.174988541785
5465.438752398324
6424.072362853473
7275.278462936952
8064.899162483281
0.0
2835.083691301339
7759.064691945619
10714.523520874407
12667.923293315636
14037.098726671105
15101.057292252792
0.0
3019.165256216078
