8934.0
7781.0
7709.0
9040.783336200551
9487.207782641717
10090.092709153063
10646.72360615948
0.0
5601.669142228019
4988.565416135345
5452.283807989106
6063.021805935519
6480.262053002462
6959.92165444931
0.0
4536.109801859004
6192.338358263891
7283.848239704918
8466.346252915018
9335.340472993947
10024.853811040779
0.0
5334.572044404848
4797.087763305686
5268.953966362671
5878.181603688494
6302.436801362962
6784.179724539099
0.0
4408.408847651627
6069.950923891516
7148.363393549731
8319.115461911098
9182.661472374188
9943.740488211208
0.0
5305.661534242972
4783.610283731463
5259.249718112507
5870.621572657552
6587.189251098798
7144.742454715991
0.0
4507.5229146463835
6412.106512992465
7547.42774466584
8792.675524518829
9705.77902969817
10499.918722168179
0.0
5464.807455376411
