8418.0
7772.0
8127.0
11131.159240043493
12790.038262204416
13598.78669918763
13818.958615285926
0.0
4003.2147587388263
6342.760511105137
8096.746114200994
8823.966957050729
9021.700583034657
8942.37244628696
0.0
4227.893711314158
9056.891443004994
12072.56879640176
13505.558860616846
14006.478812910811
13971.419384047149
0.0
3943.500533158714
6259.566809504205
8006.364125997408
8731.944129765521
8929.706787619016
8850.69300272197
0.0
4190.050744676659
8961.453935308606
11940.212521493724
13353.63804861013
13845.723099794512
13884.044813202614
0.0
3950.618226181931
6267.1584044486635
8010.73629116359
8734.150477626423
8930.658145111029
8851.057116479225
0.0
4190.010032134071
8961.415838928548
11940.190626998086
13353.627199666033
13845.71845560773
13884.04305809319
0.0
3950.6184247198303
