8603.0
7523.0
6220.0
8565.02178120843
9587.18062812531
10478.55778306014
10937.848075099319
0.0
3841.909672001407
4237.937721587081
5568.870384736625
6067.119025878381
6493.508726248245
6728.557174591402
0.0
3526.953584981595
6421.525445286662
8627.181082663279
9864.052797659824
10602.625012446304
10972.222886070092
0.0
3784.8327657531927
4155.216074412015
5468.986147673877
5959.247846725936
6381.202690697434
6614.148225956892
0.0
3464.064136622454
6344.416986365077
8529.137531778691
9758.068086070196
10491.10890902209
10912.866675139445
0.0
3783.472833663122
4157.896534433984
5470.045711586364
5960.152905600575
6286.490326681886
6475.52175913539
0.0
3451.656941826056
6251.316292006021
8389.613414496056
9587.587066889513
10304.960445799876
10718.148073586088
0.0
3769.0036347917107
