12422.0
11955.0
11962.0
12763.113811167335
13252.041399557624
13532.708098889856
13500.52849392954
0.0
4451.107880227092
6392.968228926515
9319.810859134988
10530.503380175789
11083.450784899329
11061.871458245118
0.0
4651.11296407542
8123.326056286764
11655.887382329798
13258.539639798786
13878.580151162298
13762.907031714976
0.0
4344.22215457752
6223.109594109804
9140.799545904945
10356.627980646028
10919.893017873223
10905.67418090413
0.0
4589.421148087382
8030.981672423861
11524.050991474229
13109.887399682635
13722.230653002676
13681.509869977099
0.0
0.0
3691.8531157289262
7483.990617769892
9814.952031917277
10844.745082620528
11041.930411090743
0.0
4604.115532434703
8022.950289908367
11519.948726250603
13105.369009574588
13720.401311616064
13680.75717934274
0.0
4360.193669490253
