9747.0
9120.0
7145.0
10884.048897703804
12408.71191018798
13318.98241009656
13581.082777681502
0.0
5388.3131804072855
6918.474126900066
8394.388131086474
8852.660721992717
8990.60944687279
8919.519288098223
0.0
5270.49014881004
9589.094012826037
12160.744842598031
13303.090200380313
13714.438470211298
13713.555587025647
0.0
5325.752331143756
6829.22178461417
8294.177114964757
8748.212255162936
8884.58209400755
8812.934275794041
0.0
5212.980691856874
9511.663130946672
12066.308372419979
13201.84313899489
13609.779523883084
13662.668101012416
0.0
5326.7446444010275
6831.699859451492
8295.383467929729
8748.884081909111
8920.56211907279
8865.241559209639
0.0
5214.802412395578
9546.12168969231
12118.032161555358
13263.497651741993
13675.79867519247
13730.635148686484
0.0
5328.347039797058
