8828.0
8125.0
6428.0
9027.695320974066
10564.621814231981
11837.44920677947
12914.872021246145
0.0
3889.1526806707298
5145.753918873094
6154.35065401393
7058.230280080658
7818.99092167659
8472.371241441833
0.0
3359.3246237886387
6168.414539652265
8205.77110491657
9918.573482057553
11333.667044932881
12380.405855033327
0.0
3695.8212880932
4882.081986482332
5836.058799725006
6693.967037890279
7418.277086430086
8042.506613945959
0.0
3178.6307336035106
5914.871115792332
7895.273876586833
9560.592622490565
10937.978062814047
12083.757771863193
0.0
3657.9952891023086
4852.081642422343
5812.931195118312
6675.325438847272
7452.674394006539
8111.567787683583
0.0
3186.3279028999773
5970.449228902859
7981.070489385476
9670.829323113237
11067.914963976704
12229.421678677936
0.0
3675.3326455211236
