22129.0
19194.0
16739.0
21937.02291560758
24761.762517350042
26822.82800480569
27686.728870266976
0.0
9477.432559122426
12418.987761819939
16795.64979581397
18646.9174969068
19686.822563921913
19961.454749397642
0.0
9404.776403749951
16088.594995470357
21978.93667684273
24983.79835030793
26509.153446634584
26917.87480896115
0.0
8833.266571182858
11508.060623355783
15625.395558919492
17358.444729252988
18331.494768224435
18578.78770899899
0.0
8790.775474992352
15732.20313610267
21614.001109637953
24680.98572048789
26221.091531099395
26759.49634582207
0.0
8842.510413560434
11525.2499184963
15635.794866675991
17364.956429723396
18334.68008143956
18580.30816644265
0.0
8790.654942728426
15732.020240125368
21613.888700302523
24680.917124914908
26221.05788720328
26759.48049548683
0.0
8842.511703230695
