8336.0
5734.0
5617.0
6268.879725056378
6859.512919587232
7535.960314531683
8217.911709614791
0.0
1883.2952147728256
1349.5336144015741
2004.4770543130921
2458.65555288478
3098.132141390157
3743.5627458323024
0.0
1132.7485659299177
3500.6775729477554
4877.938197251999
6097.9219202338245
7071.286240013707
7928.671301575252
0.0
1814.3309246202327
1308.754740042638
1956.1383210485822
2413.98329714591
3052.8626104965933
3698.873162749962
0.0
1102.368816307144
3468.763543811374
4839.410364470066
6057.437180104339
7029.002257450209
7908.449258079654
0.0
1811.2451402075978
1308.05493154291
1955.356600766638
2413.6509833584078
3041.5344139927447
3684.1407542333563
0.0
1099.852276421201
3457.0779371605277
4824.157594101133
6039.4245202634065
7009.593657050039
7888.146476475141
0.0
1807.8294235724013
