8431.0
6777.0
5232.0
7090.887611269287
7205.2980896062845
7661.588635012839
8350.560673691816
0.0
3824.276511899624
3513.680006965217
3337.5736350670504
4196.3568898695285
4597.920261557282
5118.855328291709
0.0
3067.760075877838
5379.271501589282
5618.344373441952
6704.702611481556
7488.914282216009
8065.084703666115
0.0
3731.9074361772155
3436.9500378502044
3286.1301367138412
4136.255079753599
4542.366286297141
5065.608868188621
0.0
3016.9660349339947
5332.984420306513
5572.9275634438545
6653.540168777476
7438.188692676235
8051.51462495439
0.0
3724.0316686090637
3434.9589468019003
3285.1355805489156
4135.007008231665
4678.748055554542
5207.446945281082
0.0
3050.4073432301066
5488.6848218117975
5719.680657901116
6818.329955845254
7617.813610399032
8232.707062596652
0.0
3767.4221485006265
