7261.0
6805.0
6421.0
8179.965301741191
8947.45337399509
9873.808515396968
10723.825241310438
0.0
3863.2592179626217
3502.5138704639344
4365.407596845611
5086.421181021531
5879.743246319791
6686.744305849655
0.0
3217.1314678179297
6164.96741706459
7498.03369728158
8743.44215689928
9742.662219847989
10602.112150513336
0.0
3782.821970274077
3427.662938990007
4282.306945377281
5001.379900277771
5793.356898013297
6599.730466911965
0.0
3142.444933875654
6091.615702036222
7415.965748291332
8658.872930102478
9656.519404865585
10575.974725742233
0.0
3777.499215988146
3426.38831952854
4281.3676701221575
5000.961382688429
5485.084411913398
6246.392318280843
0.0
3086.6744612223383
5768.7040109669815
7052.674718824902
8250.846532190584
9231.17563597704
10141.004942011594
0.0
3707.9774101654066
