8130.0
6728.0
7225.0
8513.741875212809
9412.39820696363
10162.759084363877
10747.730716576756
0.0
3255.613689955936
3220.0958092279707
4410.469705879004
4952.370097764884
5554.197673996719
6022.971221651
0.0
2762.9018321084413
5414.894678366213
7500.352558194849
8878.504121776637
9858.506369336828
10506.174945838658
0.0
3159.903169285065
3115.2500386456454
4274.913525031039
4806.4026764147875
5399.3256029870045
5864.041766212533
0.0
2672.3915374334624
5308.276863697744
7364.7960651665035
8732.007651735445
9703.485051745109
10421.02706274742
0.0
3154.5979777078287
3117.100253823381
4274.932855479205
4806.957404214265
5532.976724394893
6057.541581429119
0.0
2695.306318196207
5442.4322209595575
7561.93790034009
8973.24186741158
9968.583755584214
10700.431657103827
0.0
3184.1043425258395
