8246.0
7098.0
6270.0
8721.674037893134
10059.825386751403
11256.792611003699
11697.442428217812
0.0
3662.3561348945764
3685.352732664738
5997.781471916035
6663.76409317053
7334.811132310076
7395.845377549708
0.0
3567.190013954484
6273.347819297115
9409.81118932139
10980.286044736407
11879.241581408656
12010.302881243972
0.0
3541.0682573383174
3553.8568580429423
5888.679233914338
6583.92843571302
7276.417666010557
7350.686488738255
0.0
3491.8753950725377
6221.882128856165
9352.644728664285
10935.233212629752
11836.388162838444
12048.422050615089
0.0
3553.712971054929
3555.0983937733386
5891.403123163689
6583.72135818388
7276.55152611729
7350.31350152352
0.0
3491.7950759447785
6221.894140753107
9352.638501835605
10935.243891452465
11836.391279039857
12048.426448763017
0.0
3553.713204272499
