6917.0
6960.0
6440.0
7788.9549354439005
8241.322026884762
8700.334314638949
9023.421226994034
0.0
4152.323146356085
4195.66374666003
5091.526060796918
5425.890175886397
5760.8005083820835
5991.040294833681
0.0
3685.244430216326
5646.624705880213
7093.149775387499
7945.459815909069
8527.488838631343
8877.790557012371
0.0
4085.10726491645
4128.9531767048275
5011.8657075377305
5342.68513980361
5674.193702234088
5902.827098812112
0.0
3626.47035952509
5582.100921212217
7015.659465095504
7863.264728860988
8441.56716444119
8835.156988689907
0.0
0.0
2705.8281426450167
3834.578949687139
4748.776243484747
5289.58255149753
5685.2203098875925
0.0
3595.236635103119
5574.078055584879
7007.654250836994
7859.547630621237
8439.042142302787
8833.762357134387
0.0
4078.927575139859
