5464.0
5191.0
5004.0
7309.689638902462
8464.832592572138
9332.335787693817
9617.687587138564
0.0
3984.0428316782
4671.769376714052
6515.047184747671
7091.064439450859
7484.568775333622
7478.11407001946
0.0
3878.186108118025
5859.6446579195745
8169.605429773435
9193.895282115858
9761.588479897699
9762.300970948636
0.0
3857.2164607550158
4485.3025901246065
6293.398413885168
6855.177624147684
7242.244079080707
7233.980259554455
0.0
3767.5724156537585
5723.071690704139
7977.517347426773
8979.476689862222
9529.893152341865
9625.73633160732
0.0
3862.4658692808725
4502.586131052945
6303.586851065921
6862.624863865349
7228.810998603512
7209.493647077067
0.0
3765.5467844167406
5707.43482794556
7951.568958617287
8946.189927260679
9492.580448683115
9586.278687052345
0.0
3860.8552645037894
