5569.0
5084.0
4589.0
6172.982232475908
6940.96707942927
7636.938185030332
8120.094514561832
0.0
1905.17138408125
1987.086392272341
2882.435004401468
3349.1150540393305
3846.035310400768
4268.727797081565
0.0
1728.1588189287036
4523.59408826871
6115.398169561189
7090.9919174308625
7685.365739486964
8125.461833025094
0.0
1874.5360445620033
1947.8476605670944
2837.5867969205337
3303.140303530704
3799.584141208973
4222.299925867773
0.0
1697.442930427282
4487.042038208571
6071.4485669782425
7045.5866119541615
7639.053569311451
8107.710745687039
0.0
1875.2312740438867
1949.012309540747
2838.0475473116544
3303.3729224544127
3778.7129648059718
4194.323157625514
0.0
1695.8077998381502
4467.022653860362
6043.601157120856
7013.39067782965
7605.590242986489
8073.805839491879
0.0
1873.6777240649014
