6393.0
4843.0
4373.0
5783.883887389622
6338.665906349863
6625.946238259408
6922.433048254921
0.0
2874.942590453518
3877.503663360081
4412.178765167202
4697.885414042337
4810.265246665907
4816.587302033485
0.0
2706.688216248009
4875.188547526459
5982.071850672323
6623.260965741843
6959.767450621819
7086.5399434979045
0.0
2871.4813358475076
3858.9546506143283
4384.320681447036
4664.4490178117585
4773.323922957806
4777.464724723999
0.0
2684.8353347585753
4845.553925171711
5947.586406683719
6585.6535502513125
6920.231036773561
7064.494076040948
0.0
0.0
2477.4292482398705
3517.602595747503
4118.63643256312
4434.533244990056
4566.521647893088
0.0
2666.2528332676548
4834.291531976709
5940.86056951643
6581.420611858475
6917.597281172331
7062.855057272981
0.0
2869.3493779558166
