7235.0
9211.0
7375.0
8592.11242922661
9121.983165454569
9572.2925347546
9761.42767766923
0.0
2417.8303741930195
3554.840493927134
4904.47754630409
5566.720160849187
5909.2156402343435
6029.6326952688405
0.0
2548.8607793401316
5475.93505493361
7651.809439312478
8844.819488051455
9410.360665831837
9600.703654949466
0.0
2306.575374766693
3381.9994304958914
4681.794164876865
5319.901604917725
5650.650334135407
5766.622849108333
0.0
2440.9564529308
5404.635622465055
7582.426531480451
8784.476283505082
9353.089953874662
9569.524710275597
0.0
2309.373691756108
3385.649966532156
4684.035181410772
5321.151900601273
5651.220054256682
5766.851876828581
0.0
2440.926376593361
5404.603163692436
7582.406462092932
8784.465413400627
9353.085030598462
9569.522774249157
0.0
2309.373952853217
