10228.0
8642.0
7899.0
8605.377419051225
8807.460847518216
9222.667750823386
9886.632426758066
0.0
4868.601212019132
4725.690408612063
4815.878697849939
5624.819950343297
6093.133677131204
6637.382875903205
0.0
4119.910968929853
6338.542379254299
6951.968650127596
8092.142532226553
8900.93697744987
9551.430620731164
0.0
4755.711594096242
4642.997861718183
4753.0475349691
5558.305194272216
6031.733462586069
6578.033632078804
0.0
4070.079180202104
6290.400753362423
6902.671251770028
8038.237067978421
8846.399871806369
9531.812251390564
0.0
0.0
3992.0170783391877
3999.1755736288533
4917.102670617136
5777.569691384155
6382.777399723733
0.0
4018.8715343636386
6265.047374730458
6892.049987390158
8028.425963692653
8841.190997964759
9528.730399604496
0.0
4746.918229298352
