5018.0
4676.0
4540.0
5982.854816590546
6578.426345094073
7193.678809291937
7610.599446870067
0.0
3811.386287798434
3627.923221702
4514.400734466475
4848.742441679943
5226.149298717802
5486.573986310907
0.0
3323.4382454671327
4352.237771054054
5613.524234664803
6388.916915148547
7029.935838040121
7432.325974161321
0.0
3702.2239555235174
3325.035906462808
4105.176232431632
4350.824615628475
4667.713708233646
4882.934835643843
0.0
3116.5608546372177
4011.1902675834754
5165.668109553055
5866.617792925477
6452.585954652772
6883.569265054927
0.0
3576.50380063229
3275.946419550321
4055.4758507791094
4319.458640031928
4643.380496978332
4865.800703760976
0.0
3112.666909334562
4009.67049916214
5164.1290165710225
5865.64656822818
6451.832456426278
6883.038704206758
0.0
3576.3832241423415
