5535.0
5125.0
6006.0
6659.548439601975
7347.803542679186
7824.556541316712
8253.537898836643
0.0
1632.7083302404124
1630.1950575682354
3353.956600970879
4069.955015120097
4808.977828612681
5181.4452625507965
0.0
1780.4738988228903
4174.514623677935
6419.227748630179
7578.851722394766
8180.566617742926
8426.74490662688
0.0
1560.1855584059904
1538.1753164170589
3273.3545786814884
4003.331791915806
4752.354322863039
5128.622108860495
0.0
1748.6435889087884
4134.5642961960575
6364.327113391759
7521.922906186883
8122.498030821308
8405.448049629318
0.0
1567.0194650023705
1544.3150903554308
3276.5996152799416
4004.2448869731406
4520.405596301314
4801.111611966376
0.0
1750.3998652913497
3954.777978020841
6058.865451516394
7145.375150232636
7731.854527386438
8021.164634312159
0.0
1587.6025606695503
