6999.0
6145.0
6049.0
8450.252674793384
9435.653692870535
10054.944069192672
10659.066213453876
0.0
4646.5430200321525
5729.828926532644
7365.776562522091
7791.695102706128
7999.697671072333
7933.1824676475735
0.0
4461.351140317874
7549.259585623109
9845.83391359415
10806.897689232088
11189.771133698156
11137.72187006375
0.0
4547.027069430951
5574.635178884502
7206.852826763275
7631.236809179314
7841.868580535824
7776.556645984705
0.0
4373.238397053037
7441.589165498369
9708.776513744266
10660.745508470343
11037.522070114792
11063.870350074118
0.0
0.0
3616.7072879129882
5822.830902133444
7106.679852458202
7582.716108455661
7695.335281450588
0.0
4380.992061190547
7450.382847558836
9713.491404655448
10663.3029439967
11038.595094428236
11064.320438281573
0.0
4548.466692818261
