11246.0
10116.0
10118.0
13246.644607179844
14870.734053049258
15755.704877649427
16762.83217872111
0.0
6053.574703259756
9225.147427459498
11503.932623261848
12618.15018654117
13104.074464477007
13205.737504408116
0.0
5960.776816740648
11260.121819247495
14651.814990108727
16488.791365030775
17381.045126934026
17595.622952622398
0.0
5930.026876619614
9014.20221604711
11257.835684363075
12351.312068027832
12826.053621698287
12921.328666447818
0.0
5833.199747752962
11073.114396322246
14419.047231104909
16230.610723059595
17107.927731927397
17435.751026188223
0.0
0.0
5672.463955520508
9114.143294943739
11135.426854653246
12125.083930741472
12523.177789404404
0.0
5832.295058210235
11081.945133819034
14423.989763649515
16233.80515118792
17109.73810500937
17436.795614197104
0.0
5929.470821866262
