7478.0
5809.0
5776.0
7713.602876732979
9098.425565083127
9758.796088915547
9806.08404233968
0.0
1538.8850465323771
3581.1918797057247
5444.08046334328
6337.011616342756
6498.9507354740435
6235.040749284976
0.0
2134.0518332228385
5938.113782067112
8790.231098771386
10188.585967715651
10498.593776744661
10184.696429760941
0.0
1410.1892069480232
3421.8491841673135
5301.68979383871
6219.194570476162
6399.60892212454
6145.595903220949
0.0
2111.8881796219157
5889.681283350096
8718.5414334308
10104.012177477967
10408.751725502749
10132.212211483838
0.0
1421.840386502071
3434.0687824497963
5309.488223379489
6222.869687224109
6400.6638688385665
6145.452967402032
0.0
2111.8299068547058
5889.648245379098
8718.523118337362
10104.006135721553
10408.751456414631
10132.213906596651
0.0
1421.840229784571
