5700.0
4704.0
4916.0
5718.418278031051
6324.280362092342
6770.9779186310125
7068.76695718589
0.0
2415.2053702816934
3049.8039562368804
4342.594842187825
4891.818592243639
5312.628655821671
5546.417671705344
0.0
2425.782774143448
4038.1031349903174
5652.157137302709
6436.183691809964
6902.606047717695
7115.458326412675
0.0
2374.7430725692248
2811.221314214134
4010.647627993255
4502.486458352533
4906.98971599337
5137.0770042085205
0.0
2398.0863660876385
3849.1930523785863
5344.958963324096
6061.627372728702
6501.354020572288
6738.9242913775615
0.0
2381.234988038231
2850.3055579703687
4029.8204778994796
4514.308968347544
4910.509621827838
5137.921997058577
0.0
2397.821418913343
3848.9860375746057
5344.837902099366
6061.577495114935
6501.339797507688
6738.924865174551
0.0
2381.236396098257
