13829.0
11944.0
12544.0
14616.579895663348
15985.225423888283
17286.741349357075
18436.959047679054
0.0
6411.664881156875
6437.902767072915
8142.220746308755
9182.468679793034
10312.384122522968
11352.93077894371
0.0
5411.90582962135
9501.553843163321
12477.07612281277
14626.290686560522
16313.453923959678
17581.599761132635
0.0
5981.368318048715
5977.144798733251
7593.472011486395
8601.647051203225
9706.504938863947
10733.898982085731
0.0
5013.284351453857
9226.7303999416
12179.49118894188
14344.183606850867
16032.07646932721
17437.28074639775
0.0
5962.734948546923
5972.004617084885
7588.70030454362
8599.314166688951
9704.968522920733
10733.028572782869
0.0
5013.169971241802
9226.698654322048
12179.461826222709
14344.169230231739
16032.067008528902
17437.275384674394
0.0
5962.7342439206295
