7183.0
7231.0
6023.0
7937.26009745816
8992.241423395106
9866.485054591563
10508.045964832992
0.0
2699.4885387110844
3540.03177584185
4638.8842817816
5350.973161370071
5949.989034229931
6463.505700476119
0.0
2568.302277294715
5648.266453401006
7687.065355134013
8989.501225239219
9861.031561285281
10445.256099999355
0.0
2628.276716969922
3440.3966896488128
4519.4198468193135
5222.428528544398
5816.742202512941
6328.050029516857
0.0
2496.45471049577
5550.505722533145
7568.456774506829
8861.499475131044
9728.040355241083
10377.446526697684
0.0
2628.095213496732
3442.3423780888916
4520.337676479825
5222.991771601622
5802.078723134267
6306.125444050752
0.0
2495.5467554644147
5535.798825772099
7546.44855088773
8835.184332590863
9699.633688996775
10347.995382393341
0.0
2627.136594266054
