7040.0
6350.0
5564.0
7596.213982094327
8493.816504196384
9013.978526055322
9465.55962448833
0.0
3668.5308043497985
4975.689966357795
5789.3094967483385
6231.842193887738
6438.96358209326
6496.5882994213025
0.0
3442.967762394526
6326.606592670608
7943.544601331549
8911.006435573217
9451.649163512197
9671.712083334873
0.0
3635.512761716731
4909.8806999158915
5703.475963236662
6133.239595170886
6332.235337174474
6384.6907381858655
0.0
3384.7042038900436
6246.581271330053
7848.597768908364
8806.602585269651
9341.230866220858
9607.190061344838
0.0
0.0
3046.979927262544
4485.529288783229
5359.559351399226
5840.061522091133
6071.544339878248
0.0
3360.0245414376304
6232.674888841247
7839.684141689099
8800.928359467052
9337.621614784981
9604.893697411408
0.0
3630.210376191156
