10130.0
9077.0
8729.0
11780.139230489425
13530.106868916071
14843.282783545616
15335.664876088931
0.0
4431.456423632613
5085.3369053165625
7846.60382895595
8849.118803671665
9585.685747517295
9710.03396905452
0.0
4473.3188435032835
8463.608952397535
12375.262836156899
14385.790886093379
15388.535317756556
15541.923350357189
0.0
4267.57422490633
4850.170012085944
7579.645563518167
8577.324891077753
9316.717248087754
9446.145188991639
0.0
4360.596123251469
8348.842955874832
12213.246295122892
14211.523555082968
15202.430949280193
15439.303555928202
0.0
4279.806815257006
4870.041737059717
7592.092583505064
8584.925967974934
9319.816870468307
9447.138181422055
0.0
4360.312609413618
8348.558550630129
12213.056073157812
14211.421818641033
15202.389174538108
15439.293108649095
0.0
4279.810963287101
