9379.0
7585.0
8051.0
9222.73602473674
10306.084867987742
11219.593890905424
11952.502752393093
0.0
3699.7546587606266
2918.8833103372604
5110.627726676865
5685.9138783499575
6751.731858541038
7315.272343766067
0.0
3268.6926740169583
5535.654337165521
8380.479481060052
9942.651596633743
11196.01249461325
11898.147478869021
0.0
3619.4027390349074
2819.066557275661
4978.4554273659305
5391.967475268614
6383.07784528741
6883.739080012505
0.0
3150.9934068013563
5313.065439310023
8033.442839934303
9533.907110766666
10747.034810725974
11505.779876156521
0.0
3591.7774215825675
2702.410039505345
4768.318384636018
5279.3127362522355
6303.929522543336
6851.5736154178385
0.0
3154.0097526733825
5318.386842907274
8036.396158672995
9535.947304070905
10747.886352242309
11506.216069804334
0.0
3591.764178509924
