9116.0
8119.0
8215.0
10448.624174227147
11709.997493727424
12453.226590779295
12770.957642432404
0.0
4037.097921057102
5370.729268387159
7956.836066149492
8852.554158602536
9259.99023094889
9109.286401550602
0.0
4177.2421906558
7932.340198629694
11389.924759499898
12929.287123629496
13443.009407019214
13233.65293286791
0.0
3890.9459615890482
5177.68882761052
7786.987395565939
8710.939711519637
9141.763507719143
9003.065522034978
0.0
4132.191298316198
7868.825992287901
11299.085653161032
12827.835041646633
13336.053199503367
13178.843952391744
0.0
0.0
3038.492483811886
6315.9845700587175
8243.973393107284
9051.503807667195
9109.062977457312
0.0
4151.820267001989
7865.911521922046
11298.945975778046
12824.995222310585
13334.854116035709
13177.988248310347
0.0
3900.8048282760665
