7981.0
6281.0
4637.0
6307.070148901764
6902.758390524355
7654.561949632175
8046.829968691573
0.0
3228.48021355925
3145.5063151344584
4325.521024612067
4672.695100259957
5115.471529115457
5355.9683475543825
0.0
2882.486800610399
4443.245909200779
6104.760853253289
7004.085273836141
7673.653675135081
8056.4099013940695
0.0
3197.122346133371
3099.048992322551
4266.995351822489
4619.995149870738
5064.051292525131
5307.043833959409
0.0
2844.634169796539
4409.8056774072575
6062.726093455654
6961.629467605366
7629.065361610228
8043.287335334333
0.0
3197.597460933559
3112.108367270484
4284.842789062403
4630.380704659457
5071.203424750203
5311.0090479982
0.0
2844.91502221275
4409.663925582459
6062.717168156495
6961.5794464601395
7629.050994411284
8043.271965416842
0.0
3197.595475536411
