4267.0
4171.0
3522.0
4737.640698840573
5198.736073219579
5499.211615795288
5918.719004656784
0.0
2159.143825485473
2632.241265804125
2406.6466575545705
2787.1535661163007
3106.766155660362
3367.2247083198254
0.0
1747.0628195130287
3735.110527917112
4183.680114713667
4790.660772737416
5379.027362026669
5769.53263523876
0.0
2105.874941290834
2569.756426537782
2355.0910208853966
2732.16191627517
3050.4416827144996
3311.547494822805
0.0
1706.2575450824515
3686.4004993582676
4136.618817985134
4739.07569706524
5325.421621773181
5746.651811270626
0.0
2098.6180759614176
2565.232594529279
2353.432673173069
2730.6427203871617
3040.678770260134
3299.8502462501506
0.0
1704.5018735437611
3675.8737280375017
4124.882249708135
4726.307468937729
5311.329264209236
5732.003006791832
0.0
2096.212697698288
