6834.0
5814.0
6900.0
9161.400834069262
10733.746023837291
11554.09973955795
11741.626221891414
0.0
2161.059919107445
3719.56118011171
6297.963780631299
7628.062698655715
8222.535046897076
8225.532959501401
0.0
2678.932980044327
6359.860217890835
9808.086840621543
11589.418381885454
12166.77811666957
11962.522954890857
0.0
2004.0700280099327
3519.442328007309
6103.2101503287095
7459.085590006465
8075.948883782918
8092.14619303963
0.0
2632.4133259985592
6279.408445816229
9688.28362607339
11451.32961130689
12022.28581239281
11888.589733256598
0.0
2025.2031466104
3543.1822700982593
6118.092274318018
7465.329460924898
7874.31677016902
7758.438796620115
0.0
2665.798777897827
6144.639743388188
9399.086704638208
11061.24871740662
11593.194609513675
11457.412740118656
0.0
2091.5366487514
