3874.0
3297.0
3646.0
4245.277579215682
4570.748450768481
4961.298853833199
5323.313709892202
0.0
2637.8162856640897
2207.342792579584
2467.3345928306844
2782.8955310487663
3037.134282314542
3341.7997218267724
0.0
2050.04225624844
2957.4695191173914
3526.2747699372635
4165.902829510049
4660.027213431473
5098.409913658161
0.0
2550.3947203053676
2156.90508124885
2422.130309493757
2580.3684628652595
2804.060129244701
3067.12691240383
0.0
1956.5318714444493
2741.733689407668
3283.223528023903
3882.484563892601
4352.53689453476
4789.094571291456
0.0
2458.112348716572
1953.398921084427
2196.5737934062313
2478.4173355484904
2715.968442409888
3008.160975332524
0.0
1936.745744829443
2733.0085719290055
3276.8726889722802
3877.662610924074
4349.4059943939665
4786.853968135503
0.0
2457.3766212139503
