10638.0
8031.0
7367.0
12194.325719373614
15421.511431065417
15898.625328724742
14986.112355181873
0.0
4412.713376718541
11606.89585667416
14615.747872320793
14447.502999653632
13208.712523434884
11909.911300200783
0.0
5202.219187215662
13494.11910474681
17238.230994394195
17340.963199268877
16139.26251659061
14691.947341393914
0.0
4380.975974970386
11663.306373554107
14761.181236710552
14633.468063199303
13403.139040687027
12102.667163739665
0.0
5025.363524834915
13460.794259913544
17357.983253018676
17527.554401100395
16337.88465391465
15015.107795330712
0.0
4294.452611206105
11611.20600543091
14746.937434569923
14634.242514636346
13405.69199149375
12103.775735498999
0.0
5025.146617178294
13460.676388909922
17357.957248314302
17527.559987272743
16337.891521090143
15015.110272993723
0.0
4294.4521759958025
