6914.0
6782.0
6376.0
7710.8443680447335
8431.236299883145
8739.854454443666
8701.163311602319
0.0
2709.5416763391268
4500.852008073068
5991.173142389971
6573.0062186186005
6647.857425088779
6443.727419778887
0.0
2899.092636212478
5859.182472514633
7936.638215337885
8849.094242119696
9042.914019595097
8822.626716345128
0.0
2641.670340384103
4404.79608728379
5886.816609681083
6468.483035062029
6545.255472060468
6342.88126759255
0.0
2862.8405148906504
5797.517771438075
7853.246607701064
8754.939483679462
8944.128852058313
8767.896876641462
0.0
0.0
2740.0700483725705
4898.491751802602
6055.412500571857
6415.9612996979295
6335.198621381288
0.0
2871.412016986924
5803.429308884246
7856.775501106245
8756.47100660816
8944.628373594811
8767.946871505863
0.0
2649.3506926845776
