7685.0
6953.0
7013.0
7961.496438263274
8446.99864431523
8463.460511823348
7886.299097842879
0.0
3392.3393234812547
6429.706317097964
7709.376948731867
7595.644170221551
7084.125654994624
6711.68555524565
0.0
3689.820738376095
7242.685028047243
8694.695211587516
8558.912324763282
7977.8134161360795
7547.500059630604
0.0
3465.6136210641375
6468.597595717966
7699.639885418465
7562.819634701306
7049.896354972777
6683.476709779351
0.0
3680.6184629747445
7222.461927786995
8669.013090503739
8532.849053229793
7953.125670007512
7540.282342684919
0.0
0.0
4559.536570025475
7346.372935198533
7905.553866381597
7393.97787784682
6819.519561609775
0.0
3638.049230118294
7193.01904645469
8661.371805404835
8536.447739708228
7957.944785966584
7542.5484939005555
0.0
3467.486388857105
