5729.0
5324.0
4946.0
6745.81063659434
7772.205186926075
8513.49025406616
8732.358692498616
0.0
2249.9575441328343
2798.28912233622
4425.517107101918
5064.514318599515
5440.097994121674
5437.758368766583
0.0
2406.6467897552343
4904.476653093561
7239.510293387959
8425.016205068381
8912.43087118247
8879.057844085237
0.0
2163.7984386739217
2656.604798456183
4264.399501245525
4899.310370873987
5278.486101197235
5280.557314439853
0.0
2372.428551188785
4861.995582483715
7168.230087825911
8340.856602495578
8819.584124260798
8827.728705231642
0.0
2172.3235321603315
2668.5406493584514
4272.057497143128
4903.578856057016
5279.972323068042
5280.726959845735
0.0
2372.240800661691
4861.862716916483
7168.137537837802
8340.81737493935
8819.571857340059
8827.730960900675
0.0
2172.3253693876336
