15473.0
12534.0
10784.0
14147.236213452672
15757.669507339651
17318.10244196724
18236.277796551032
0.0
6688.2513189959955
6907.892835268763
9477.468401232412
10402.905106410866
11400.114907510299
12011.343387170426
0.0
6095.890625154183
9913.694401733092
13578.512733256786
15603.23305980155
17024.207744021063
17804.523829932514
0.0
6325.238235425651
6460.656041272097
8906.184448713066
9787.174504278777
10750.497050870663
11347.844151681526
0.0
5719.87538940121
9669.052094854396
13288.458909004983
15338.9013123857
16755.363923277473
17662.015105643222
0.0
6320.591220194562
6468.108149247366
8908.77173074527
9789.822119830107
10751.590801571494
11348.579384142666
0.0
5719.9189667869505
9669.022393565252
13288.452573590395
15338.89085935416
16755.36023942162
17662.01222660213
0.0
6320.591009510247
