10679.0
7075.0
6050.0
7245.23080158304
7907.467694514093
8502.978998577257
8902.098752218668
0.0
3438.0686126941937
3892.151189019475
5037.401546218568
5545.060839630074
6000.772712843649
6322.593704918484
0.0
3226.917697324034
5224.641841948662
6890.177613233525
8097.01836120073
8848.878925563864
9349.532444973662
0.0
3737.440190613313
4259.353343528651
5491.720256732038
6031.805446508119
6509.347559148731
6840.686974914194
0.0
3527.806565226046
5589.293692716285
7343.590594372041
8311.327462456517
8968.65046018048
9407.4486959521
0.0
3739.29870473117
4257.527377163188
5491.168930524381
6031.254381058845
6509.123992105024
6840.546491688145
0.0
3527.799022377265
5589.296816856937
7343.590988686356
8311.328366999798
8968.650757147027
9407.4489195907
0.0
3739.298719410132
