9198.0
8280.0
7538.0
10238.698787338642
11729.912202230695
11992.273307972
11943.996297775138
0.0
4071.998079895576
8245.447754302837
9950.672526443273
10158.800003393515
9776.417148968954
9225.084013061594
0.0
4440.654257618697
10021.244094707581
12560.916089560886
13095.268755856367
12805.347623104142
12211.62803750667
0.0
3980.065789827135
8131.4502767061595
9834.749595854159
10044.420522383201
9663.190805855951
9112.355765153156
0.0
4398.217029592924
9936.78676601045
12456.541929949042
12984.161498155181
12692.66098323368
12156.472156826563
0.0
0.0
5652.725794614993
8841.74433329138
9755.519921385508
9612.294348445394
9117.278554333468
0.0
4397.364437391712
9936.272420622616
12456.339572644474
12984.10376126688
12692.651287785458
12156.47342404796
0.0
3987.3157864078403
