7376.0
5440.0
5953.0
6448.056847470132
6948.055842911224
7242.324772439699
7442.8860771361
0.0
3206.9424530556034
3581.502967861513
4897.106673524254
5327.637060243452
5726.038009537974
5895.807943694346
0.0
3098.5081425742087
4383.717378525562
5977.896403205767
6628.8471276680575
7096.137521509596
7284.194839615161
0.0
3113.7213805477195
3470.007663656735
4749.59071882818
5168.351575778053
5557.310254631883
5723.9034963181475
0.0
3005.164927255743
4273.27278381216
5830.851962995752
6527.213977588654
7011.548003527856
7241.590476366429
0.0
3114.3260173862495
3473.8612908036885
4751.480328845894
5169.769035984295
5557.9360821149585
5724.252821441455
0.0
3005.16564889585
4273.243835959104
5830.838569931234
6527.203262408462
7011.543392966085
7241.587817081574
0.0
3114.325999013224
