8548.0
6606.0
6454.0
7903.014238700205
7346.03885387085
7638.744278803222
7486.266453910366
7686.545972582797
7586.6488888775275
7274.536480980586
7131.96192508273
6854.071294130006
6572.94710218018
6286.138496146976
7103.9610921117755
6861.955792794756
7480.5796552098545
7510.033960612666
7534.667878006318
7565.407550148523
7459.603569819351
7715.247641173684
7571.236493197868
7286.6416715654095
7144.3701445869065
6865.23510017387
6590.902069171738
6304.240995809208
7124.1371645245345
6884.01098978856
7503.534846215115
7534.222652142198
7559.725501181814
7591.182043965237
7476.227480276715
7731.652527595834
7584.609437930689
7297.45781214299
7153.883761533774
6873.0126841015735
6597.465850694055
6309.787697527786
7128.756867296414
6887.9076852856815
7506.803646585509
7536.964009892342
7562.030344376199
7593.115632515099
7477.851150695109
7733.016023033653
7585.753944564147
