7568.0
6981.0
7532.0
8377.65055282108
8927.253625018935
9367.171050921408
9912.057091236886
0.0
3506.930103951101
3761.405840892515
4783.251017547218
5238.7046539199455
5675.377675336312
5998.722869898053
0.0
3043.169336367403
5685.91896256984
7484.14165220155
8615.546633791926
9366.915936482768
9867.664977225231
0.0
3475.283453132205
3724.8463203953215
4738.760529836742
5191.244320183764
5625.706741073971
5947.963220741759
0.0
3012.0570661427573
5649.763440741899
7439.891945135111
8568.226465030526
9317.324657674635
9842.100606179083
0.0
0.0
2327.8940611348044
3667.7238769440282
4659.0007359348165
5296.197646933239
5769.257830963606
0.0
2995.6574650302136
5648.47423868781
7436.970561695729
8567.34960075131
9316.58223287112
9841.760281973631
0.0
3472.9824874841356
