12823.0
10131.0
9571.0
13925.47143847391
16730.09843180063
17680.265401350687
17313.26265215779
0.0
4876.446338697708
10224.546260333318
13693.319843849098
14701.270982872811
14234.548468679906
13173.267281674274
0.0
5613.0773451343175
12976.110085492035
17539.702058654926
18995.69080302293
18591.04453577011
17336.929977894302
0.0
4707.693572834105
9985.462169356713
13429.676805947522
14438.505972693378
13979.21614846105
12924.183996380785
0.0
5539.03096839211
12816.207708522688
17318.072806077813
18746.59790097443
18335.557529692076
17204.527315201176
0.0
4738.395881551101
10013.294189863103
13444.79884000458
14443.684941969506
13951.222249352819
12875.139826970993
0.0
5547.126782359294
12796.091289445572
17274.843218972448
18690.78414199297
18275.5583156256
17144.48202452823
0.0
4749.572622743241
