7303.0
7996.0
6702.0
8555.404940376371
9685.55913523833
10453.083233085668
11171.813751858557
0.0
2691.0651774500566
3980.05725337043
4390.726887870402
4979.25472354891
5567.294213281125
6119.122903412885
0.0
2339.3426792459004
5954.810812048524
7715.525952895113
8999.795990991981
10065.630041607592
10849.457884721563
0.0
2586.223860652849
3835.5479013375952
4239.224495128308
4818.5448106298245
5400.125173197129
5948.274000577812
0.0
2248.444760675276
5824.026735868572
7571.017852426451
8843.45836552178
9901.385034953242
10759.370794717828
0.0
2576.4016383265484
3826.6454143185483
4234.668329601806
4815.663573935377
5184.319223048589
5629.633141700571
0.0
2230.513732610029
5586.789376530451
7241.834155688668
8463.434898148156
9484.346133900797
10318.90385556676
0.0
2546.1490815184065
