8027.0
7440.0
6643.0
8971.507833479762
10236.600451802244
10757.670472964275
10728.900844609998
0.0
2916.5753508444377
5050.787895052301
6799.6846742463
7310.934406394392
7214.33092947345
6875.5860342398155
0.0
3400.0951562214277
7826.574263738439
10526.002135985911
11406.019471182211
11284.93240796012
10813.191327859517
0.0
2845.536111901822
4979.265690218505
6738.287688699059
7260.7494092683
7169.887021270136
6832.948558152968
0.0
3380.4930608273394
7793.618778920752
10483.331433430107
11360.182628444352
11238.895429196291
10793.332120975863
0.0
2850.195828256816
4983.411990866515
6740.347693912949
7261.310847161666
7169.765598474653
6832.689969867603
0.0
3380.5164271597205
7793.651980297797
10483.348677963735
11360.188629983724
11238.89525571698
10793.330356081498
0.0
2850.1959365954276
