8175.0
6309.0
6316.0
8623.97435990062
10129.596011495629
11146.9450258434
11583.95358802376
0.0
3510.1923313257043
4626.048368317244
6551.352505140461
7416.802647090068
7900.935039923091
7986.865263181049
0.0
3515.960989343107
6489.109994765647
9251.912767209018
10791.621945579784
11596.888719361325
11764.321389523906
0.0
3385.8303260180073
4670.627046866299
6708.2678189721755
7669.093266070668
8206.696421208242
8323.609610763842
0.0
3417.327716543303
6535.581641231811
9412.08800762886
11043.766276819519
11902.64864912851
12198.677906034387
0.0
3392.983528722305
4635.559214657416
6686.855350537617
7652.190070976838
8197.565628522972
8318.472231295573
0.0
3417.745260817045
6536.3112740449205
9412.579155460822
11044.095008726403
11902.827906349567
12198.77206813178
0.0
3392.9747919448
