8031.0
7024.0
7584.0
11926.446175463338
14134.835293279979
15552.882250378494
16825.9958223251
0.0
6573.69108394149
8751.63067324858
10860.270005282255
11842.852145341665
12348.521601215623
12493.13368271381
0.0
6231.940092339853
11140.943946357325
14531.933567656559
16470.54529282284
17530.74416708954
17872.146733824316
0.0
6468.258409875969
8512.608492187712
10569.6228145497
11514.68730816618
11999.202059039468
12130.388652010435
0.0
6051.207559742845
10901.57050507548
14233.610034439567
16140.405067148506
17179.631224874516
17662.856058289453
0.0
0.0
5114.744454123036
8138.093775632992
10077.430475408433
11095.699716650053
11579.73890976701
0.0
6021.6089428158775
10901.344505453055
14230.546374593705
16139.595492877901
17178.906713718836
17662.479664487815
0.0
6457.206252200351
