8340.0
6260.0
5205.0
8185.812371485474
9508.021376486779
10188.801036618304
10454.267317401678
0.0
4336.491610341108
5870.470496239306
6738.88125462897
7108.974628418253
7195.024464858908
7112.037642375362
0.0
4170.93156447363
7709.401451151363
9585.983505952252
10570.9948077285
11018.741367892759
11076.248953119295
0.0
4293.4073478215605
5995.111086755294
6947.476308717071
7368.851934102157
7485.0592238959125
7419.921264798622
0.0
4112.5965893174325
7605.765215040556
9456.698511074244
10426.428542875652
10865.151129979316
10990.89092638635
0.0
4289.271066069823
5993.107013035615
6946.246672283134
7368.129414876036
7484.631537141888
7419.668423072084
0.0
4112.584304582554
7605.759262151717
9456.694858652994
10426.426396749373
10865.14985960599
10990.890175361397
0.0
4289.27102958003
