14384.0
12792.0
10760.0
14772.500888640512
16265.455962365791
17913.483783522603
18690.42922438016
0.0
6816.43396821162
6287.267235441339
9051.778940518687
9657.389715901334
10647.368418274928
11137.177436891932
0.0
6125.164541442071
10922.325805326902
14876.883487877541
16879.43824169413
18140.35255652359
18786.059184453326
0.0
6731.3441345955425
6165.83099150591
8910.52241927787
9509.750791323477
10497.025150358133
10986.395902431941
0.0
6029.054613711463
10817.169455766138
14739.643507692786
16736.939201925357
17991.21730844088
18719.007970251336
0.0
6732.170242594008
6171.646419744703
8912.769984891866
9511.489449536379
10623.85302903015
11158.742796434886
0.0
6048.033470027452
10936.158623276018
14912.278023569463
16944.512640872123
18212.37449172231
18946.635111244133
0.0
6752.822938717208
