9561.0
8020.0
9047.0
10496.419966814196
11038.609071985004
11965.793174055047
12812.884332331285
12988.947343734304
13558.942876606705
14022.394555963887
14435.249328913695
14880.176006244223
15295.877560072526
15701.050728669055
15991.507193511265
16339.300628635932
17132.96728377877
17612.330319117296
18144.740507044826
18686.5545212253
18998.058120261834
18850.502106133208
19038.553160241572
21123.79375744031
21911.05201989032
22958.08983724758
24070.656809509233
25010.51735942457
23875.237951354837
24052.10726390198
26401.297554381636
27061.895533575786
28151.5263847946
29293.885346684303
30231.075743660145
28647.397583497645
28670.75061268666
30345.041163077167
30615.47889153633
31302.875838522657
32021.50545816698
32585.64025323275
31103.860796002235
30943.29337260904
32972.220508849765
33328.14715931398
34126.482516069584
34991.373939090416
35663.9829046867
33827.94353557596
33610.69723590187
