10981.0
11119.0
10771.0
12314.01129669838
12912.244423016742
13481.463981564853
13995.422182835106
0.0
7478.815726752204
7865.774170781591
8576.34445161021
9394.539366262641
9943.156143302402
10442.380232607215
0.0
6778.415371696112
9260.373023681996
10674.32090743082
11980.090097586854
12883.19129424831
13557.95742940894
0.0
7346.3459891550965
7766.034997073991
8488.455632442172
9308.531415008236
9861.084049626894
10362.358005175538
0.0
6724.313676477069
9201.901360603817
10610.47343179148
11911.305454380843
12811.906729064594
13523.13278503612
0.0
7337.675003500311
7761.7020849691735
8485.865882447948
9306.681444896174
9334.496253432606
9677.738304893597
0.0
6597.014110676893
8604.30293340762
9886.003938682828
11072.699009507936
11896.902995874148
12561.941368616626
0.0
7150.280554660602
