8220.0
8144.0
7305.0
8412.700888465723
8799.43859027442
9338.576494485576
9770.519000679538
0.0
3929.5312753450758
3451.375902810852
4304.260407567502
4659.605836635861
5127.021390623875
5523.296040066165
0.0
2972.374261740617
4699.689830116871
6220.328060413999
7352.000623495578
8281.59555788755
8993.121890700448
0.0
3707.2303053178457
3315.1398300057235
4150.410836316012
4518.7628984693065
4987.23667433213
5386.949062694829
0.0
2893.83570713027
4620.2844020259745
6122.334252117677
7246.450249192738
8168.740532245887
8923.445312678106
0.0
3691.637547992833
3308.976233488723
4144.352758896165
4514.935141558394
4984.315918556005
5384.904883041699
0.0
2893.377267753488
4620.1031764855925
6122.156135412981
7246.337705818625
8168.654656987184
8923.385210103195
0.0
3691.624069046323
