14009.0
13424.0
11481.0
13488.992997988178
15253.465026070578
16004.490629563763
15794.897288861972
0.0
3137.1029379476877
8845.010098599085
12982.179839082703
14314.156787041968
13826.429030141431
12754.228968929036
0.0
3963.0981691987254
11321.268709815471
16294.276943846202
17805.183765264574
17160.929896518046
15854.884046971254
0.0
3026.3217550638824
8729.603635830526
12892.412891232309
14250.343194888965
13775.800677741363
12705.72885325207
0.0
3945.6189640466077
11279.762084624392
16236.61776444209
17742.334667893723
17099.403112792214
15827.982540921354
0.0
0.0
6533.012495595397
11996.534593425306
14278.458491870868
14127.467730128132
13005.291647383108
0.0
3856.4947527694685
11198.097023165234
16197.904126570287
17738.131029995813
17109.914780198415
15838.777324100773
0.0
3032.928425339013
