9015.0
8756.0
7606.0
9693.00625370535
10827.26051575844
11966.649041126555
12721.110099683414
0.0
3523.6151737854634
3765.530826097502
5548.075285034531
6408.544106313741
7249.989434748039
7833.012432120466
0.0
3233.9217642369877
6109.820166480713
8863.955816351448
10622.748084527431
11864.248669555529
12600.731143672034
0.0
3411.2373028682987
3611.2223148113508
5346.578575262782
6185.202244938472
7011.9484415769175
7587.941471679451
0.0
3115.3749175450653
5962.167414204461
8665.15816148062
10402.239133377396
11627.551117188099
12460.692585824523
0.0
3411.0314170116185
3622.2716242387505
5352.425657699844
6189.832056188907
7003.978403344239
7573.520665130054
0.0
3114.0465487839656
5952.262753552226
8649.36336854638
10382.250605044463
11605.214130187931
12437.00523489086
0.0
3409.5861820270184
