6818.0
8165.0
7664.0
8829.301330620123
9149.996870557503
9488.101957593994
10025.856021742151
0.0
4974.810501525859
5359.654516339199
6618.866404315584
7089.966937757343
7491.803158076639
7698.6427664416315
0.0
4555.137706492071
6397.962110281181
8118.578325542645
9063.668647630813
9720.243247115695
10046.868772124706
0.0
4908.81825773775
5266.728302722917
6502.728095523639
6960.422495950709
7352.845960657948
7553.708674275367
0.0
4462.949271926983
6297.304223901864
7994.269121770199
8929.793403506003
9578.098848384634
9966.247102544587
0.0
0.0
3312.243577854184
4770.138215622225
5970.354485110789
6653.569113482852
7110.958318462879
0.0
4388.315654716742
6274.786782826375
7970.794920965681
8917.281940160727
9568.919614077004
9960.541372642614
0.0
4894.510416104373
