9736.0
8898.0
8050.0
11072.017514878673
11985.112434712248
11455.349806245726
10322.012842637334
0.0
7557.957878292332
11854.210177570607
12816.861110222362
11637.082521522374
10130.390070543868
8956.804030348698
0.0
7815.007842977927
12876.51963748649
14065.046249230825
12871.267250250972
11282.877996495783
9975.153447669105
0.0
7527.49345260997
11775.648229527189
12699.875630144561
11511.026997962417
10008.172672326446
8839.79311136056
0.0
7751.684715788997
12769.43592149346
13939.595681544473
12747.11612888786
11164.328595285206
9945.919275563032
0.0
7538.434316011901
11782.293613832006
12701.421622329275
11510.19497574922
10007.20007532713
8839.373811744052
0.0
7751.797765791229
12769.511654356495
13939.6148101678
12747.108022294582
11164.317929145149
9945.91441406718
0.0
7538.4355899474385
