5927.0
5086.0
7100.0
6103.040392957277
6349.7388479877345
6658.846127440856
6837.316034142431
0.0
3521.868495255243
3097.88741664829
2980.5759278669875
3548.8518863730133
3801.4543112506803
4174.25447242731
0.0
2440.30373737601
3036.1143475545314
3357.7961195450207
4142.906837901687
4720.758391793272
5251.341462584983
0.0
2784.3077891393204
2582.4148819221255
2589.3873357708517
3033.0781459648497
3312.5522810794937
3681.5658846740635
0.0
2188.338862266519
2724.5947158914255
3041.1594762628592
3772.249292604043
4323.8545307977665
4890.516666947206
0.0
2636.296108885053
2379.4415997138685
2388.2317230915937
2901.4654753166224
3193.742532041165
3583.8377376157923
0.0
2146.5475965420364
2697.4810352399872
3022.8932200408663
3753.905840009932
4309.8620258585
4879.12829965589
0.0
2631.4039229802984
