5417.0
4196.0
4819.0
6032.005771791742
7048.863582256988
7767.168698797718
8212.53364270953
0.0
2215.628021683847
1969.342303814529
3697.3602898898343
4253.048950564752
4978.149494800503
5265.4716671439255
0.0
2182.422026398983
3961.2007942681867
6173.258043774293
7304.26086386753
8054.167439650455
8299.542322984282
0.0
2112.765010832381
1835.372833766461
3545.587770765319
4104.418299817005
4833.167477333891
5125.6873063717185
0.0
2112.665972815993
3880.3521687040916
6052.5258778234065
7173.9612016527935
7914.447831781344
8230.51048937683
0.0
2124.1929158056287
1852.1909628437816
3555.5727733388703
4110.142390306522
4659.6214005021175
4866.406884533893
0.0
2097.958836554003
3740.6268626014535
5807.733144504333
6860.271517062543
7570.664766865339
7878.031164593456
0.0
2121.8959755406136
