4376.0
3500.0
4046.0
4686.887850878017
5133.13026250371
5408.918751537965
5573.891024519694
0.0
1777.7406182807808
2080.9379495923595
2766.375387932863
3052.7246666792307
3268.105631745212
3383.5596481522366
0.0
1672.5464679778734
3178.1595505045934
4320.66875686563
4967.249263633262
5338.98257798488
5527.955714493153
0.0
1761.7530986806573
2060.446720834696
2739.2516858315357
3077.3061110000413
3317.9343828856504
3451.7809669422145
0.0
1661.5589447198636
3207.9581464790044
4373.585758073854
5036.6047353516715
5416.541596686445
5625.220362634598
0.0
1767.4560009930833
2112.0810749371603
2820.034471627745
3122.5493287151903
3345.8968526937647
3465.688570913334
0.0
1661.3801446249904
3207.0498051322766
4373.115691057602
5036.285844579251
5416.38707712665
5625.137629181294
0.0
1767.456367924849
