20303.0
18577.0
17137.0
22137.046786295676
23236.19510063185
23830.178457501377
24827.10926747792
21583.232181178195
20921.569823247075
20675.66489104933
20188.44941005262
20015.76930950304
19965.71986865113
19943.09148621492
19484.30575694354
19420.04697056076
22722.538675455453
23637.357381396345
23678.0290324748
24279.17592607978
24528.277107128975
20936.606659339217
20118.164352811065
19699.854623455925
19105.428754439345
18867.876165983333
18767.92253986397
18711.77201844146
18230.904678416686
18151.083720595212
21442.956759735018
22350.595344406272
22933.194978225296
23681.79219748451
24129.16442167633
20677.134594353414
19933.394801089493
19573.854377842177
19020.562846401503
18809.24411635039
18727.817487183955
18684.4687138431
18212.18622860154
18138.27897207541
21434.21165278859
22344.61148864595
22929.102337740773
23678.99452807005
24127.251014197398
20675.826061153966
19932.50007411034
