5754.0
4898.0
4267.0
6384.086432956342
7641.32043988958
8422.145355477776
8967.932021244816
0.0
2718.7761361385083
4297.016977963398
5130.024167823217
5717.695242817072
6140.641902711576
6454.833658748611
0.0
2666.512557082632
5389.819992481265
6924.704987646899
7923.447585205741
8606.60694707126
9014.277080554339
0.0
2651.408091005528
4188.222549913975
4996.1583128601405
5568.007567488801
5980.993719901742
6288.931216397162
0.0
2592.2480933543425
5273.565026783553
6786.491774909332
7771.093231845863
8445.271415357789
8917.979746775534
0.0
2648.193721100723
4184.7883591061645
4994.15692705232
5566.779268594984
5771.804142924666
5959.724543226647
0.0
2586.87195834351
5056.652225257206
6452.835172355412
7368.707546755988
7999.053755288428
8444.139868805281
0.0
2638.076488172018
