8283.0
6938.0
7361.0
8609.767359749561
9625.075897182465
10486.709221691186
11102.743096978917
0.0
3822.4450621789447
2484.5503274141597
5019.011894467301
5210.313823880072
6392.304607817423
6704.921548201237
0.0
3353.552659000212
5428.437685254057
8339.16622846853
9609.293664276123
10720.927638285888
11167.566673457939
0.0
3744.8895643539277
2390.265974418874
4909.401942664932
5103.442617842697
6285.154815890173
6600.822902413943
0.0
3287.41144379557
5365.161978691263
8243.365283014648
9513.369597388468
10616.19467824919
11121.58398684861
0.0
3749.883996138113
2399.3699360665987
4913.875913071455
5106.5414459590165
6200.5371507226955
6485.7785926172555
0.0
3271.5510332732097
5292.583591195015
8128.422928368786
9371.592452294642
10463.234812241008
10964.612374901064
0.0
3734.237538466084
