7202.0
5741.0
5330.0
6955.535687404914
7262.163608116027
7717.666683917556
8269.640516354222
0.0
4056.225572313626
3910.8546426921102
3543.655196802078
4131.258902798234
4341.383461452329
4586.367745877147
0.0
2895.130893199893
4705.819335693136
5215.945628838162
6241.777933467636
7019.793784782807
7599.155823515399
0.0
3798.775548007963
3706.571130049624
3404.5754429756043
3905.725793225225
4110.877971472231
4348.111376179718
0.0
2784.2381179604745
4528.3602199004545
5033.826217700222
6030.12859013239
6789.262947539601
7391.227535511531
0.0
3727.447441838998
3578.7810567464994
3277.82654354246
3836.0518200762344
4049.440008707983
4299.581696990744
0.0
2766.485220130652
4516.28798195833
5027.155084533493
6023.458806470333
6784.401819631421
7387.6627263562605
0.0
3726.092974631637
