10677.0
8559.0
7997.0
11091.401209559517
13034.230887694692
13173.982921791272
12087.156033738389
0.0
3782.9182119738684
9063.964771415154
11411.61287828558
11211.969500022298
10027.268095771584
8867.336134455338
0.0
4676.666456845649
11229.740397521233
14199.142603826342
14081.059654441084
12776.290699186584
11464.45953158222
0.0
3912.109958650085
9115.443813472946
11370.037066577952
11125.945432990504
9936.076156422747
8785.202019657685
0.0
4657.2153671053475
11174.413517765788
14123.62243852488
14001.354381809333
12699.38210194833
11433.078556089638
0.0
0.0
6394.751955308657
10539.47712371919
11311.42708366786
10307.71622491801
8998.60329432258
0.0
4596.947022293414
11131.144834872593
14109.884884566094
14003.924150046356
12705.171655731243
11436.494836363427
0.0
3920.1496962890556
