11592.0
11157.0
10831.0
13138.403802207447
14325.966619167415
15336.638450695902
15744.201660108221
0.0
5171.295661239353
5577.625137723954
8672.508656569058
9614.62323876159
10523.801654194249
10740.272509901002
0.0
5066.2330239666835
8911.332242823064
13027.094642303764
14998.766207806602
16112.54112604411
16366.561348885585
0.0
5079.686069546537
5368.6261438760275
8474.406968831401
9416.619933521317
10343.035874612575
10566.59849254494
0.0
4983.247646178754
8812.178956266529
12884.58368772074
14843.423281199357
15946.556832733266
16280.319345148106
0.0
5088.888757273207
5384.614789060784
8483.679213874744
9422.359047120826
10345.130270994401
10567.256808720218
0.0
4983.067659567087
8812.002652389714
12884.469780434447
14843.364643396606
15946.534302579286
16280.31460238283
0.0
5088.891040943091
