7826.0
7689.0
6614.0
7450.65171513599
8009.602070995147
8676.767774224436
9606.270919389588
0.0
1919.275989407597
2270.5382920580973
3052.4155175978035
3698.442314398205
4366.042825838824
5023.439189046349
0.0
1589.248231729479
5731.1813719883285
7145.514994783182
8210.919903946446
8975.87508568326
9662.222290198468
0.0
1904.1505056208816
2250.1045215237286
3030.246703171341
3675.65268941482
4343.043300425887
5000.3655137256155
0.0
1570.3726388681616
5710.679479470321
7123.036008248374
8188.097413889027
8952.845450094923
9656.367035554795
0.0
1903.866094567814
2250.0982736606716
3030.2229813398667
3675.650074750376
4343.040987207658
5000.365068137293
0.0
1570.3726216158402
5710.679479799499
7123.036006939167
8188.097413810412
8952.845449974013
9656.367035536656
0.0
1903.866094567321
