9654.0
8129.0
8186.0
11491.618819145391
13777.915036247123
15340.198229602014
15884.031672729112
0.0
3085.4627817150135
4124.469836621946
7469.897615678166
9087.491625838107
10081.584551827016
10236.050879442399
0.0
3654.91011099138
8206.979390050989
12838.013689968724
15328.30196814251
16358.434847467495
16297.29644045045
0.0
2868.174834004581
3850.2912464261312
7216.469169533098
8879.009427033408
9910.972184516535
10087.645637228985
0.0
3601.309116721715
8124.014721857126
12710.467729756416
15180.454157179014
16200.613267741443
16213.280139110597
0.0
2889.4425825401217
3876.910287819123
7233.919132762072
8887.648871097317
9938.954080613808
10128.595816383466
0.0
3598.811448505599
8141.9738315516515
12747.500071573519
15230.646372882631
16256.561731400758
16270.35397246835
0.0
2883.2365705053694
