8256.0
7724.0
6328.0
8862.897702986313
9088.68842205188
9672.72305375737
10320.145322624065
0.0
6539.991274098361
5581.5762675698115
5639.526300099074
6451.249587269049
6611.5512717693255
6963.723030515577
0.0
5282.211407544815
6450.7139788400345
7121.495274260202
8407.243589358031
9118.58660280762
9698.770658089092
0.0
6217.816448600992
5527.2120951260495
5650.153835818125
6495.849024542988
6717.131132931738
7099.673392089821
0.0
5239.454839328726
6562.198698961882
7235.711965880922
8553.907649117235
9294.552447030732
9980.365244978435
0.0
6311.911496410183
5586.816905423608
5685.827972014953
6531.308886367887
6741.788025426499
7118.621620518342
0.0
5247.597981090152
6566.590682766429
7238.637999193235
8556.754089290673
9296.491549909308
9981.886628359396
0.0
6312.559578027454
