7250.0
5654.0
5528.0
7447.326455964212
8635.772063391869
9118.252256300011
9100.744788983082
0.0
2691.268414392875
4961.989241079725
6476.373556339728
7034.86521294158
7028.872427410338
6749.337663050272
0.0
2956.931838772771
6293.788535313376
8405.117143667387
9270.477663902635
9380.4914317085
9075.261990895458
0.0
2627.1049420244062
4864.696974172115
6360.789567771281
6912.2033401870685
6904.230656878387
6624.661286844296
0.0
2916.1867328100952
6216.221810980629
8300.937668533505
9152.977951709661
9257.623457223328
9006.30829280522
0.0
2637.4132730304946
4874.413574784174
6366.501399825912
6914.85929496403
6905.172899575821
6624.8547256388065
0.0
2916.133388548653
6216.178207520099
8300.912579722673
9152.966686146392
9257.619624280193
9006.307617060786
0.0
2637.41348150905
