6153.0
5249.0
4496.0
6858.466098220801
8030.285643886987
8870.797942807594
9072.71804651011
0.0
3344.392330171405
4074.2475346350357
5698.230286930443
6160.907398282574
6389.032212028822
6277.665612948069
0.0
3336.5396583554884
5780.784967351219
8000.704148167986
8951.615933998139
9308.410937755078
9197.04237049747
0.0
3235.110358762592
3929.3069739276098
5537.16816203906
5999.797232362177
6230.206120038772
6121.819094572456
0.0
3264.82659189845
5708.734797750849
7904.056335599946
8849.85978921053
9201.516501161936
9141.017966120318
0.0
3241.2578530780784
3938.733207440636
5542.76405524299
6003.023136845747
6231.4331370956
6122.174588270425
0.0
3264.7270459831284
5708.643025044666
7903.997854749956
8849.830649720358
9201.50534912391
9141.015594055081
0.0
3241.258844375729
