7701.0
7007.0
6695.0
8150.0050238046815
8782.046869560569
9403.160515418886
9919.372582796694
0.0
3966.6529611035717
4058.5232912095535
4782.600519008728
5276.069145516023
5753.437564203793
6198.363303125012
0.0
3413.64377111528
5673.063874048273
7041.125063591134
8040.454327293626
8787.39353729528
9345.402171940643
0.0
3616.725920910976
3678.0225223858874
4347.783527657097
4816.781810960147
5278.454706119332
5714.489929487538
0.0
3077.5321650393616
5512.593546674264
6893.344591361539
7918.699996031089
8677.153427979267
9291.904388841778
0.0
3608.3063431032606
3674.9020185068716
4345.60363639305
4815.57904841532
5277.739013725252
5714.074714119107
0.0
3077.467953293235
5512.569689650409
6893.327947778803
7918.690808987424
8677.147962131636
9291.901217625562
0.0
3608.30585268686
