9969.0
9623.0
8413.0
11510.98931892573
13079.352674563732
13999.723403923921
14371.732763342798
0.0
4640.82098198745
6646.672233514051
8264.789729401698
8993.817384651631
9294.736397483623
9335.099935504344
0.0
4580.849703970669
9264.923474314179
12210.556778101965
13782.212433841272
14521.746195354259
14713.25485049812
0.0
4553.5952106649365
6503.002193392724
8096.6633137835015
8812.530384217007
9106.888219293383
9143.831723180378
0.0
4493.636141470085
9137.221938815648
12051.259898099801
13606.443985879177
14336.823086997858
14608.77053175198
0.0
4554.967078077791
6506.890928324432
8098.8681385886375
8813.86347474911
9107.596745795581
9144.210597504229
0.0
4493.630029351025
9137.207208783693
12051.251509976093
13606.438943537567
14336.820405733026
14608.769099413494
0.0
4554.967101264793
