5572.0
5868.0
6760.0
7648.191424767556
8213.771874507427
8581.012486948697
8806.748021811083
0.0
3113.133708086921
3678.5959950626825
4755.168102079321
5250.797075743157
5618.112839153023
5827.031494593593
0.0
2908.582809578826
4862.453890354073
6508.052634747291
7473.0054210904
8088.3204187944675
8384.475818290519
0.0
3016.6299735063517
3576.545438439757
4619.34996727126
5101.051569031949
5457.3981963214055
5660.509838401992
0.0
2826.0059271359073
4755.791881505657
6371.407042347977
7321.642041330097
7926.87325383709
8288.338552010502
0.0
3013.1079226594106
3579.181861155401
4620.334170579544
5102.038441492567
5457.908464352688
5660.846411112398
0.0
2826.0208258290736
4755.7840051561925
6371.404605843487
7321.639154063292
7926.8718195706715
8288.337577501508
0.0
3013.1078775049373
