11786.0
8137.0
7544.0
10479.792631913333
10942.02240688548
11837.186672243999
12605.470379218988
0.0
6634.385944795976
5848.674769770133
6341.209246238306
7072.946929156259
7549.609160636043
8117.197339230438
0.0
5493.951547583742
8030.871674622942
9227.842755279573
10618.610341568336
11582.64770923747
12352.032891579922
0.0
6511.148464705242
5750.499764504611
6242.927809836796
6970.411829992269
7448.101470567341
8015.077069851313
0.0
5409.773489907812
7950.561523834147
9139.983090806803
10524.057069039425
11485.780960836146
12310.914938696336
0.0
6496.552097527372
5744.935226397201
6239.231398762064
6967.6703108911015
7466.38928327323
8037.425692180772
0.0
5415.23154631847
7973.006958063066
9164.858424494925
10552.906130365085
11517.012469867814
12343.48248872078
0.0
6504.83591408994
