7296.0
5837.0
6269.0
7944.497673126407
9109.213756707055
9880.101119801362
10251.331992747473
0.0
2519.143333953579
3022.893782200946
4800.805489208697
5546.744908941363
6096.658515210347
6304.327106443127
0.0
2647.2584979544936
5600.360960133946
8205.500244820818
9575.272096913823
10227.962014681481
10413.554449474419
0.0
2462.2934192968573
2944.958237340043
4726.560393110587
5479.539290669781
6036.0083051718275
6247.273110772776
0.0
2621.3920077831467
5565.15125809576
8156.353638882226
9521.114570038379
10171.13120691284
10385.011441968
0.0
2466.766381160663
2950.751776183842
4729.986218171622
5481.287768078195
6011.83725327493
6209.5800893417145
0.0
2621.176216140147
5544.893595610968
8120.97365843257
9476.124919212509
10122.232478916494
10335.074615474568
0.0
2468.511374252041
