11777.0
7670.0
6633.0
7586.044513085857
8034.262100546555
8699.452589039727
9260.241228544022
0.0
3675.6571873068688
2934.5898832478592
4097.166101372536
4457.406607207371
5138.800612346819
5680.230366641324
0.0
3046.4199044709094
5092.378185107082
6626.25289375327
8069.490564268379
8984.154665872824
9745.436534047869
0.0
4160.575732783504
3419.2712310334273
4690.800409133425
5061.957380962129
5767.4620529539025
6313.463184496544
0.0
3552.524608411819
5577.870996754157
7224.299096784305
8243.006843101839
9091.56568366709
9788.035339125086
0.0
4166.464960182491
3419.4612191242413
4692.019335743342
5062.106673771632
5767.732765080026
6313.5199693778695
0.0
3552.529325363528
5577.87059202614
7224.299956137961
8243.006826629678
9091.565862196298
9788.035352201317
0.0
4166.464958413864
