3671.0
3287.0
3700.0
4742.911007982894
5532.288232568548
6089.718406060387
6393.070748399101
0.0
1208.4955321692055
1550.5769687541115
2784.4970467436083
3468.853667140621
3981.6326394792477
4222.534857223689
0.0
1357.645250316918
2902.8357361701437
4615.294486054189
5666.804074423973
6279.047131082843
6509.572499900502
0.0
1157.9019889326391
1469.8700592906328
2697.364299201916
3382.6528132350218
3899.812360813736
4144.488352115505
0.0
1331.9234968431215
2865.320139730479
4557.557593575631
5598.894248048009
6204.898881187921
6465.49319193519
0.0
1165.3164278280233
1480.7980739335258
2704.877237708491
3387.1721302635924
3631.3943457159603
3701.1493721251263
0.0
1339.6934787319708
2662.056508029389
4157.31088874775
5056.935079576515
5588.270154306188
5818.977628290475
0.0
1208.1627956555435
