13143.0
8543.0
7601.0
10769.589794673433
12107.35881348568
13267.701021351568
14159.156830870204
0.0
5328.894083671348
5866.938899907881
6777.7721682417205
7482.048986444549
8075.614505673389
8597.826263424491
0.0
4482.348265960634
8005.494409433195
10187.924027402452
11847.992229906224
13079.98890405755
13943.203039057968
0.0
5206.9231300120155
5888.312315900538
6848.201660744917
7591.905634517969
8211.640650560046
8751.47929692738
0.0
4416.318664605522
8056.874528185001
10279.20390400893
11971.95165037677
13225.512939963717
14192.577874164333
0.0
5243.572439203383
5908.079412503263
6861.90900546688
7601.180653092667
8217.886902623977
8755.697818703899
0.0
4416.995455152926
8057.233756557727
10279.454495429603
11972.121017489077
13225.627013839901
14192.65491710369
0.0
5243.584799418277
