11956.0
10081.0
10329.0
13813.796498409056
16037.275305055966
16874.302872635228
16746.782908606994
0.0
4574.021649886443
9352.174383224088
13016.897528660636
14492.467597778032
14478.525330265125
13678.72832018254
0.0
5043.47889197053
11425.628496422269
16012.44515495202
17962.823790901606
18096.635581636914
17203.552170604635
0.0
4356.051348166577
9071.691740104781
12742.582939503933
14242.981546882682
14250.435755650145
13463.236854674851
0.0
4987.348321525191
11305.638877834699
15838.095150644996
17759.125422238758
17881.283798835404
17079.138620900838
0.0
0.0
5912.856782519762
10895.953971202718
13504.264926748408
14105.367709228314
13551.72449536308
0.0
4987.455814383791
11300.078288694494
15834.041613414935
17756.74588645817
17880.326808722628
17078.9469108025
0.0
4382.701321942915
