6016.0
5992.0
5551.0
6612.761961737771
6991.31668510494
7433.429394437731
7853.951512601227
0.0
3728.43780864468
3657.376042366855
4471.9574788229875
4833.773457519829
5222.910600172678
5533.510531545773
0.0
3292.0983881219154
4715.32166124644
5929.161819108482
6705.062824416027
7302.036528651022
7702.092389586696
0.0
3643.8534800532298
3574.1207567515407
4372.825763208857
4729.876399362623
5114.449502635592
5422.688447091843
0.0
3215.258775629612
4634.5143404859755
5832.295502774221
6602.353575121389
7194.387284505848
7647.761236584582
0.0
0.0
2388.952548526489
3296.09762486024
4161.144534256293
4727.261012267394
5190.727928356036
0.0
3171.928998028904
4620.822690590832
5819.622489109355
6595.709291842526
7189.845806420772
7645.045603981629
0.0
3633.226696806585
