10460.0
6260.0
6150.0
8185.790168824559
8736.863175037754
9471.194142176591
9972.100873301868
0.0
5046.4731965505225
4297.3996315937475
5131.441686878398
5438.313463287808
5824.683846080925
6151.144428298498
0.0
4107.347352499349
6010.5733135590135
7423.769886349522
8454.382518213337
9223.076448428892
9760.853673571632
0.0
4928.613843698631
4314.0050264853335
5162.116480695272
5500.005448744745
5900.843184534874
6238.382548577374
0.0
4063.770425193611
6053.745756015972
7478.058449845967
8529.977267509199
9308.80244512269
9919.127751279028
0.0
4965.990640977341
4327.56146248109
5174.048039228685
5507.056227019458
5905.686977410873
6241.515115056524
0.0
4064.583624695928
6054.033444280116
7478.31612752508
8530.12854267672
9308.906671897139
9919.195080007426
0.0
4966.00812196083
