8687.0
7241.0
7424.0
9445.227332802584
10717.624256955349
11573.914043967128
11987.574186519143
0.0
3635.159194857666
4721.645980028526
6786.743378095047
7644.110945153014
8203.701534671649
8434.093574718254
0.0
3725.1986252717265
7008.610556242004
9848.236247150846
11239.349391570633
11907.236195733607
12094.787624507619
0.0
3551.659083764573
4610.612757279065
6666.575259963009
7525.625917598124
8088.155036871174
8321.051410922782
0.0
3670.8231364259495
6933.995508623603
9748.557637859783
11130.891117553192
11794.602361273246
12039.952637560325
0.0
3558.9966191244116
4619.723509618649
6671.704611587435
7528.131041211433
7753.148036438379
7814.643628839541
0.0
3669.4009582289264
6647.2218002195295
9266.912199375794
10530.977782721868
11149.35447427959
11382.764382734636
0.0
3577.802572287534
