11906.0
9988.0
10072.0
12907.58644754196
14631.146324877489
15953.10628114515
16698.422920196197
0.0
4976.894984088225
5465.519742981984
7666.265871484509
8569.565713888936
9325.871889568449
9700.227076428208
0.0
4559.083425709027
8720.174435081226
12354.160165310379
14561.444130263306
15944.660115894807
16631.766028156788
0.0
4873.845056612726
5318.982503658442
7477.162263986003
8359.152241896229
9101.434995035695
9468.505149106159
0.0
4450.716444512293
8583.263708737835
12169.65229381681
14355.231269525084
15722.40751115583
16496.36221246488
0.0
4872.910928966778
5328.764830630146
7482.4210097601845
8363.404851035832
9105.251188902073
9472.292703915402
0.0
4450.925127370814
8584.618325459052
12171.952845854274
14358.18729717243
15725.76160506059
16499.94970872516
0.0
4873.128400063061
