9654.0
6264.0
6047.0
7724.566966643731
8849.865395779627
9845.434722312595
10542.153955020902
0.0
3046.3572977419876
2570.2249501742335
3892.813085940613
4336.024089545218
4990.108985853034
5440.36588060382
0.0
2475.1153064477476
5159.146035328105
7366.904532531305
8815.172660061477
9831.225558650256
10536.43104299774
0.0
3026.4506543839498
2542.0974215505694
3857.048512608294
4296.9287827806575
4948.78499202589
5398.035859136526
0.0
2450.5329714057843
5131.7242842587
7330.590241890777
8776.317287301652
9789.852307059988
10514.084900464826
0.0
3025.450183763908
2543.332315499004
3857.401027709526
4297.382444961892
4988.944598818255
5455.502627263358
0.0
2458.0526712721285
5170.684800901554
7388.856612447449
8848.151157031873
9868.756921562865
10597.098141098113
0.0
3034.7524355140868
