8306.0
6937.0
7050.0
8709.138843522487
9505.367578608184
9898.795198739834
9987.672295412176
0.0
4074.815855800335
5656.764184163607
6903.430763179806
7403.385117322584
7575.289340977248
7545.5918236478465
0.0
4006.9548599270875
7034.128381421069
8947.998395493792
9876.80310295141
10263.746431579435
10309.298494075747
0.0
4042.228930186057
5590.356844220461
6827.579134588535
7321.731126738878
7491.139936611697
7460.113478892384
0.0
3964.9507411134846
6975.353971582336
8875.550180533837
9797.629937229809
10180.83731609202
10264.212727266851
0.0
4042.2040613123772
5591.72768927879
6828.285340853207
7322.174551954646
7491.367004610647
7460.234286744616
0.0
3964.950656999695
6975.35022057005
8875.548239486217
9797.628724089143
10180.836694376821
10264.212396776757
0.0
4042.204061558833
