7541.0
6335.0
6747.0
8925.297909936118
10293.962300135645
10959.943836463
11063.911414521568
0.0
3064.9153383548755
5258.339866296525
7402.9445975905255
8319.39043650883
8551.180195198798
8403.986434787737
0.0
3364.200852837429
6652.922816253606
9235.910376333472
10361.278146579374
10612.70691744066
10391.86456347072
0.0
2690.4868396833153
4657.063906154317
6615.214073779991
7456.178788967687
7667.1536172485385
7525.7974249529525
0.0
3043.3809291712782
6489.477638836575
9104.68029854891
10272.578539653772
10535.633897972395
10358.44673334519
0.0
2698.3133274353695
4664.822872733479
6619.763225817864
7458.058802477919
7667.492071626809
7525.548598917932
0.0
3043.3599503210576
6489.486237907313
9104.68634398847
10272.58382191935
10535.636223736059
10358.447472404832
0.0
2698.313100380117
