8088.0
7084.0
6544.0
8448.204367894406
9223.43861314243
10104.829128191148
10866.528306492382
0.0
5377.1468185256945
5168.344897824762
5934.528165315683
6557.2339193224925
7072.912713303234
7547.204241089434
0.0
4325.245099876287
5311.1152173738565
6578.813275441316
7721.950270627693
8700.519728277879
9451.415418298137
0.0
4797.411287114931
4672.895846303548
5401.247206696749
5996.626989293514
6492.698138641193
6947.666013687703
0.0
4008.157776008854
4992.569766307639
6206.124810211519
7304.514708376661
8245.686732674802
9088.026553906491
0.0
4675.743995483877
4591.71145811101
5327.24401922297
5930.708048114151
6434.967055942269
6896.654580946921
0.0
3991.4024078538278
4981.338255927674
6195.907405355452
7295.4096689085345
8237.712836162562
9080.980937072427
0.0
4673.429761919878
