9455.0
9400.0
9192.0
10644.06160713048
11484.478364423421
12312.718379240376
13075.822326646048
0.0
4222.183538971387
4614.1762999460225
5612.142092574899
6372.815171621283
7134.80546642767
7873.289450765282
0.0
3745.9646147998656
7665.075374105468
9578.014184709296
10924.137604186564
11924.716401081821
12716.831487039703
0.0
3987.445263061828
4348.377506535174
5314.775264388658
6064.416406879365
6820.472725498721
7556.362381245745
0.0
3514.995532157357
7537.233430701952
9456.085343171047
10814.131152967135
11818.292187581812
12677.433755501072
0.0
3984.0104591455483
4347.53045543926
5314.218451766237
6064.191873087493
6820.360560846094
7556.311735320496
0.0
3514.9910538208496
7537.232324466584
9456.084616684653
10814.130859904195
11818.292041210778
12677.433689404446
0.0
3984.0104533009617
