6266.0
5274.0
5897.0
7490.574858459759
8208.08402799155
8602.171789544627
9082.483887061304
0.0
4409.813913760301
5367.000423890178
6645.454794636391
7059.294600498759
7256.9169025647025
7220.039957557059
0.0
4195.5811373171055
6457.481357708063
8229.44513273359
9063.101146647508
9472.722363386833
9502.918318503642
0.0
4365.705720331378
5260.019224083137
6519.624062225075
6917.576130066312
7107.669251362095
7065.810724462664
0.0
4108.601855604502
6353.004774122211
8098.636860936182
8921.114829879305
9322.54553671244
9419.110456517617
0.0
0.0
3270.146802705562
4987.860214746836
6101.883589671701
6593.022732686399
6773.240941531557
0.0
4086.6008354852347
6354.200148445474
8096.041362401713
8920.945776343022
9322.051859625208
9418.960650040102
0.0
4359.506815937776
