11035.0
10875.0
10662.0
10489.040939861077
10844.125949188421
11374.631523699329
12030.88039845948
0.0
3376.188444111377
3234.5958732739614
4721.147855251578
5423.637893141571
6287.678557985875
7009.046448269517
0.0
2958.01579132769
6386.371842460351
8679.0753956249
10148.016107978801
11175.690890521044
11987.016819611246
0.0
3356.6576968165655
3206.666344648951
4685.557156199386
5385.507907331002
6248.140812538833
6969.121688740181
0.0
2930.567982746149
6355.727648088118
8641.540794121254
10109.318968904296
11135.851327661818
11971.097198988848
0.0
3356.5901169725885
3207.4895319727793
4685.808430745799
5385.703805484877
6248.193568415208
6969.151895178225
0.0
2930.5693225393698
6355.7264695969325
8641.540604702896
10109.31867640846
11135.851271658132
11971.097151237893
0.0
3356.590113401301
