10087.0
7761.0
7937.0
11623.214184867351
13568.074417368458
15053.346386891066
16359.899822145748
0.0
6343.93515068266
7175.442185893147
9887.294142549037
10779.018454392772
11549.656426606369
11814.80060953577
0.0
5882.99310047978
9874.586835934257
13656.78768498793
15612.43669789392
16812.833002167117
17237.792551681054
0.0
6212.87047035258
6909.142929839935
9605.335213978466
10478.011846546611
11247.829246642945
11510.727907103239
0.0
5724.206902535487
9689.738978081983
13409.217925223622
15343.370959436274
16525.35110175166
17076.380527868467
0.0
0.0
3953.9355144907067
7179.7290446621355
9334.740510507807
10542.605681117624
11181.592384173327
0.0
5727.000398345686
9717.442772742923
13422.908975332677
15354.208484211875
16530.543125520675
17079.53249804798
0.0
6209.662523413084
