9780.0
9221.0
7751.0
11928.017759147622
13810.576367793248
14996.705633915544
15219.172261161268
0.0
5611.026030474397
7237.385231294537
9522.883487663337
10158.415418751338
10343.05840308816
10139.807604089052
0.0
5659.370094453318
10396.459733167594
13817.585605235792
15220.442113472556
15606.2897451569
15392.59740346518
0.0
5504.438992080652
7102.14949181679
9380.620971446448
10019.540022091616
10207.768021029671
10007.10667529557
0.0
5593.949941568691
10306.963099998055
13700.840842645524
15093.913889415066
15475.070263377867
15328.45095298642
0.0
5511.017197461728
7110.712764424781
9385.323943683106
10021.90753831005
10002.21562980997
9698.061529413113
0.0
5590.50017989944
10124.361907496865
13403.241564855762
14727.4526135405
15081.451189454878
14926.223647560002
0.0
5516.913291358159
