10257.0
9412.0
9373.0
11714.745358214139
13302.100891681133
13843.914792966632
13507.578869834702
0.0
2373.923181394219
6352.068004187265
9362.560787655766
10528.357016404087
10423.42107096779
9771.014750348004
0.0
3249.4449507914924
9036.773245168195
13030.427346528206
14541.919244945297
14415.515693599833
13586.200046900245
0.0
2284.2188939358534
6236.22766665543
9248.179844858088
10424.611323528994
10328.65056575072
9680.83791949361
0.0
3225.9765106095238
8978.839920657509
12946.61961252559
14446.582550542658
14318.256101491294
13536.250016451075
0.0
0.0
4545.319340959453
8420.755393015897
10245.749482231724
10438.58342785095
9838.851631121317
0.0
3190.761790881933
8944.494089066648
12927.726394486228
14440.81957931416
14319.29927120501
13539.083687490964
0.0
2298.026340109535
