14308.0
9783.0
9778.0
11294.033345180675
11945.575932901877
12775.656413500696
13521.111261469696
0.0
5872.250828473095
5176.029263675089
6098.64769285803
6708.583253430533
7370.737714257314
8030.68209913692
0.0
4481.991661871546
6820.878554910534
8650.99119253122
10209.507067904893
11495.041103631323
12508.646726800418
0.0
5505.8467248757315
4916.985413978675
5825.94190951644
6461.6339038803835
7132.931478053428
7801.36745397662
0.0
4322.204361345154
6674.975693593073
8481.250292749757
10029.733406049201
11306.902957672086
12416.000642146455
0.0
5479.423744110713
4922.743479857903
5839.768248027571
6466.893253598532
7138.0116058296935
7804.720811398851
0.0
4323.107871240628
6675.390735016701
8481.595442664073
10029.973017793585
11307.075536314223
12416.124350140502
0.0
5479.456621864263
