6268.0
6064.0
4321.0
6698.162360770069
7437.826129090481
8229.069272422628
8738.314956672508
0.0
3423.6989840249157
3755.0252295897917
5068.971183975358
5397.241045329359
5698.135572335984
5764.464876602864
0.0
3171.9106129301917
5613.260446406974
7543.001200507024
8464.211622953306
8943.367287566261
9073.874778413927
0.0
3367.2568450853214
3653.7334309489484
4966.209588112488
5291.4691772386195
5594.324725168037
5661.134738754991
0.0
3112.3998378913066
5544.340854965649
7453.304843299549
8368.987279286886
8843.439782566129
9024.725662306424
0.0
0.0
2250.641169098223
3875.1447400992256
4883.456395438689
5367.863717796903
5589.009010050557
0.0
3118.951358054469
5552.608758319406
7457.741477651789
8371.578144435203
8844.553448396011
9025.239197227718
0.0
3367.5421332224937
