6278.0
5737.0
5390.0
7232.261815110595
8076.422618672904
8566.325533419566
8857.526471779274
0.0
3059.4024409727663
4053.2945169056093
5376.33258245067
5774.735664222622
5899.904818017721
5796.781694380123
0.0
3049.683338384392
6005.591316124587
8062.19025552258
8967.167283028191
9242.232323772609
9165.697404017108
0.0
3001.737807872987
3973.8053490140123
5306.149949968738
5712.159878655168
5843.501843964403
5743.261079817064
0.0
3023.7742635181144
5970.41826958109
8016.3272225706005
8917.365901804655
9190.434734895638
9139.977389227202
0.0
0.0
2483.165762441678
4349.135562303196
5365.85354709645
5720.064425922267
5732.462580271254
0.0
3032.7330525486927
5975.724820773521
8019.609964676269
8918.673200772462
9190.902273158426
9140.044954477242
0.0
3003.942077648732
