7799.0
7164.0
6619.0
9283.694040618615
10167.904995413497
10983.833615676744
11786.46256244192
0.0
5037.724363868671
5164.718132104826
5976.66902525899
6426.979360486404
6808.552327710124
7117.375136661561
0.0
4232.470498107903
7487.581013618335
9259.326460866043
10522.032967917085
11365.099530148807
11950.97955377726
0.0
5050.678227402356
5152.725240704871
5956.522340590408
6400.268690575757
6778.052459529074
7084.464187599186
0.0
4208.502004209119
7460.985618943946
9228.393750861916
10488.951044274461
11330.57522749716
11933.858282142448
0.0
5047.4907305023025
5151.4636656116245
5955.590873976837
6399.71840631489
6777.704884841875
7084.24915321089
0.0
4208.46302169135
7460.970121166284
9228.38233642896
10488.944295743728
11330.570966042918
11933.855645493431
0.0
5047.49025252144
