7421.0
7601.0
6805.0
9101.827260734171
9683.711585196681
10377.2891220938
11372.386244686013
0.0
5873.006430419636
5816.965670083452
6491.09819815047
7101.298813393305
7531.361158385242
7941.825119566667
0.0
5075.637422055459
7542.656418729781
8867.575747584928
10078.218559368623
10910.10891288561
11476.513017809739
0.0
5828.7444207905855
5720.007914181745
6367.312487542697
6958.57015972314
7376.133788413759
7778.52087635407
0.0
4945.391014254258
7410.663824658511
8718.74369488514
9918.213627425388
10744.038145056815
11397.230949103927
0.0
0.0
4267.484548401071
4898.690040968175
6019.697518199147
6789.497751099728
7379.26541181491
0.0
4839.53810958642
7363.954562723261
8687.020497015077
9896.044175777639
10730.113304298371
11387.936352952202
0.0
5802.712956228438
