12233.0
9881.0
9782.0
14035.269106903903
17122.457817409748
19385.992736425273
20457.787646969744
0.0
4200.354700542294
5646.528724773129
9567.732632381538
11642.636676386848
13015.051548592719
13489.465152192153
0.0
4665.003773057562
9966.654589105323
15508.16699275982
18801.38972527317
20546.3643900612
21000.712461925406
0.0
3959.528873713872
5300.072165302336
9211.38811259395
11306.24398073151
12705.408137153594
13199.836841333557
0.0
4575.024311481226
9831.207336865184
15298.85131267173
18553.117819051346
20274.473219440122
20836.3791497682
0.0
3986.846855611475
5340.109170917701
9239.212062199975
11323.0912206405
12649.071670987698
13096.47604732421
0.0
4576.783815975874
9782.684635611906
15203.513589226248
18423.976930811412
20127.266408444942
20681.70478564295
0.0
3997.9395931328804
