6345.0
5357.0
5111.0
5810.900027123175
6103.482258297676
6488.827477849203
6862.307121263233
0.0
3015.078997322513
2787.2531233301092
3200.696668892607
3580.6743033658
3940.107988456719
4312.450756302387
0.0
2571.8128734232437
4326.841523479261
5077.44276486772
5776.849499946739
6299.578504812349
6720.772567648481
0.0
2947.6542432699434
2730.609159227728
3140.8674729828886
3519.660030485902
3878.806253893557
4250.831855087352
0.0
2519.848409281786
4283.200821358884
5029.801537541603
5728.050254679451
6250.300828595057
6704.45836757916
0.0
2943.7428001743756
2729.4525198873544
3140.1303524556683
3519.2513982105183
3878.599174116846
4250.71703473832
0.0
2519.825438109663
4283.193408590807
5029.797109570681
5728.047751478284
6250.2995617417755
6704.457667333399
0.0
2943.742659953001
