14730.0
11337.0
11241.0
13569.968917331746
14942.191983177094
16191.46388497117
17034.704427487668
0.0
6463.993902698145
5766.757608867512
8319.459335926613
8927.38879547653
9990.761989964192
10605.118859224669
0.0
5695.501602845471
9422.252810859376
12933.241575320833
14784.98152987519
16148.336687198163
16958.56221835271
0.0
6374.808358564445
5662.682108298123
8187.403289345304
8789.092304618516
9845.996208408069
10458.920856682964
0.0
5600.4645253462395
9321.270876346658
12801.173915161971
14647.704477579206
16003.704022209022
16890.44925952793
0.0
6372.509477524259
5666.901353006309
8188.472094114164
8790.44977806769
9805.85068691479
10404.233454552828
0.0
5592.9959477688235
9282.126924426018
12745.238649606785
14580.275269835864
15931.30647927344
16815.3249027704
0.0
6363.526399373895
