10919.0
10812.0
10847.0
10588.360906609973
10813.205610238541
11108.18012732572
11451.868221077139
8849.768158791348
8768.104893599017
8531.778018296978
8057.457900848777
8180.439175403086
8329.922236976578
8560.885042464719
6880.56646357792
6924.932067900602
7908.173125676321
7967.370714930617
8522.454854901302
9218.008856539083
9660.513380691087
7262.725396523916
7355.443902550294
9387.48694704619
9481.99863102367
10304.20655913686
11348.010312172479
12083.880271065078
8751.382855671549
8812.82757682537
11705.143777968444
11718.087954378057
12717.152428114343
14011.810641088978
14819.408622876135
10601.700096111597
10563.652505662616
12239.414738568159
11735.623436672344
12313.98268599293
13069.707691807653
13526.041386309713
10001.470519898892
9879.076845481053
12612.155322550807
12496.631641140419
13381.654766805386
14579.181604555437
15304.904074248789
11016.38509142901
10918.003478800834
