16625.0
14531.0
14145.0
17974.725962365617
19008.604065980315
19920.34260641549
20745.487597375173
20274.24274202348
20235.552735023248
20121.71952017115
19917.523115382763
19712.52421794288
19483.368156810666
19235.42298030761
19708.994325328367
19713.153096449903
21344.137827689272
21899.423919910245
22288.48667847563
22600.24433432743
22612.88155959259
21664.407592208903
21241.1377563608
20813.45645655423
20373.798710923136
19984.877217335936
19612.322588732266
19253.498782647493
19640.93039743679
19578.206202229147
21157.300687494753
21672.306835781194
22030.105273903824
22317.598038776996
22437.85850970762
21521.967373841602
21127.148348673876
20727.272273523624
20306.455718322573
19932.475897758333
18966.0894472109
18390.24377872849
19199.791662431962
19193.26709182275
20238.56214906759
20609.17392579043
20825.446514959964
20977.893162210443
21007.534931945316
20624.727055899835
20398.59662187975
