5942.0
7093.0
5461.0
7378.702185746906
8400.868476740903
8993.576132927039
9455.67264678848
0.0
2654.8775185287554
4176.026724666375
5164.3477961527715
5677.45625297849
5926.097268458608
6023.918470740697
0.0
2648.499658386136
5885.105011429701
7810.892095033126
8883.321697942469
9442.486331181852
9694.721690212386
0.0
2633.6154092431416
4142.105804292849
5125.96501587063
5636.624488582129
5883.967109808877
5981.069986304396
0.0
2629.778206026327
5856.251407260652
7775.442542778279
8844.203166570082
9401.3105461989
9671.09540413072
0.0
0.0
2635.518063290777
4228.861207564059
5137.020835186157
5605.472415643871
5826.568923982267
0.0
2631.290759765482
5859.09738622718
7777.091084819304
8845.164931883543
9401.84631568402
9671.393633412163
0.0
2633.8257171765
