7518.0
6349.0
6804.0
8068.824926456415
8980.223785632523
9785.344650590894
10438.727130637064
0.0
3402.7866587096905
3228.0994202668057
4640.778739922472
5219.879685667203
5957.392759337887
6519.256546609623
0.0
2987.476788715377
5297.666789471457
7380.515027387851
8666.052568758532
9640.068015280127
10292.62580485471
0.0
3308.371834266867
3120.728759649549
4503.377292603871
5074.317399238798
5804.391870334824
6363.822547945607
0.0
2891.9861663754627
5190.453168581253
7242.996141446021
8520.537213263799
9487.056293342366
10216.298177606068
0.0
3305.187958074607
3124.2375404017257
4504.235727261625
5075.442438966387
5729.197314226372
6258.601289666754
0.0
2879.113837081095
5116.364897142554
7135.929299631375
8390.98622839989
9346.915797236958
10070.2684881394
0.0
3289.5595936192403
