6395.0
5842.0
5468.0
7599.660614877704
8548.860269683471
9194.949255718413
9646.575070236999
0.0
3710.287099644813
4548.6151737677255
5858.763236945248
6296.870649868174
6528.259711723345
6531.247387976145
0.0
3508.587778460136
6282.609290198726
8337.402529031357
9373.476955979148
9870.7554386966
9989.019086935008
0.0
3670.0521703251493
4468.829164906966
5774.8578873673405
6208.756314986505
6439.9058724856
6442.533650963025
0.0
3463.35294372079
6225.380304389212
8263.977176403072
9293.367660679578
9786.214242301796
9942.69248830524
0.0
0.0
2673.3533801836047
4475.33417832108
5579.521097209687
6087.090916435014
6273.062436110903
0.0
3464.4299376518875
6235.737158857266
8269.174773664317
9297.03651702691
9788.005688399768
9943.688444974883
0.0
3669.6661709763184
