7763.0
6459.0
5636.0
6597.464116685911
7081.47124190498
7707.170102409022
8272.41245072097
0.0
2217.912813270299
1874.0672851546942
2582.914361672037
3027.8179840567
3599.4243754169393
4148.7652308078705
0.0
1656.2513449200487
4337.607482378189
5660.223344134263
6718.766424865094
7494.078268276992
8182.6970884876755
0.0
2212.338004313123
1878.860257374446
2588.2362611914173
3034.9001316724384
3606.883427492415
4156.574626418722
0.0
1662.2815839069222
4343.966375775182
5667.67340369002
6726.455636183411
7501.986018220201
8185.718072773434
0.0
2212.6828573540997
1878.9051176405478
2588.299084341979
3034.917816737617
3599.581932854889
4147.441989800268
0.0
1661.0132476961867
4336.459779038248
5658.297919020306
6715.697425942459
7490.688166377469
8174.104077935292
0.0
2211.0972823509273
