6647.0
5466.0
5713.0
6506.899625761834
6985.224625465531
7247.470307445857
7355.247244833768
0.0
1753.907475693995
2613.312353075446
3289.5106322574075
3648.1771976278505
3819.9457655170945
3870.2472165479057
0.0
1746.0168118393326
3953.5994566422933
5412.357831348636
6295.519428857564
6789.111702874628
7037.537735500345
0.0
1754.8972421595263
2619.0818564092474
3291.9730292721024
3648.6336558033227
3818.9659036462645
3868.3813588398016
0.0
1744.7883741880244
3951.6529468894782
5409.893085084773
6292.735836181949
6786.129509051207
7035.640460962972
0.0
1754.915258788037
2619.131173010962
3292.00460508677
3648.654340938899
3818.9786884454443
3868.3892644492494
0.0
1744.788291949253
3951.652736864698
5409.892950491914
6292.735748123863
6786.129454623242
7035.640427310306
0.0
1754.9152591382222
