5873.0
5053.0
4594.0
5687.76218013039
5962.542739634215
6327.450459053451
6744.519786769652
0.0
3225.7697689303614
3131.5950415799302
3093.2913068000457
3576.321458663536
3847.071613237217
4156.428783092758
0.0
2548.1416179938215
4285.177647317082
4852.069090216271
5706.4752834375595
6356.656207702601
6798.188638821092
0.0
3154.4106670540814
3295.368212714943
3296.8868603096607
3820.062680357624
4131.588131485128
4461.476050475785
0.0
2544.1068989683
4233.055648242023
4755.706617618529
5591.207174368292
6224.629060163901
6737.499877745351
0.0
3130.787096207151
3283.2907836631166
3290.1461361074453
3814.005918563312
4127.767750187101
4458.866679594708
0.0
2543.2855338959444
4232.583452957524
4755.45958530278
5590.985077575089
6224.485922707013
6737.403471099002
0.0
3130.7565415993868
