10335.0
8141.0
7865.0
11164.435057312458
13180.188150493945
14338.514822224854
14770.599808338855
0.0
3884.59018398424
6015.176829420427
8082.0011321480515
9024.02112585171
9394.559936429476
9420.711509819052
0.0
4139.131975565029
8787.78493158234
12052.473861937913
13710.299664935836
14370.27522464692
14429.840036417223
0.0
3569.2523891632018
5534.808126289529
7481.507624503111
8368.973329830493
8715.735917192465
8734.294156230451
0.0
3862.8139073335815
8587.649801531747
11856.673119507746
13533.47447306326
14200.420827110816
14338.594060432888
0.0
3578.529862504851
5545.619482429431
7488.023359059996
8372.394822139597
8717.194629069792
8734.809740926014
0.0
3862.7326903230814
8587.571500334469
11856.625848648391
13533.450454081696
14200.410716907707
14338.590607026734
0.0
3578.530426103479
