6490.0
6166.0
5708.0
7846.313842694805
8556.56238900138
9341.720954536131
10182.139123012108
0.0
4324.401303037469
4138.477842247672
4102.041252899061
4845.130561847435
5332.792554754806
5899.0437805735455
0.0
3275.0504266540884
5972.4676063031975
6820.72078491767
8090.048102987174
9111.079339846947
9904.211061275917
0.0
4203.51931872388
4029.2460975660542
4004.382732804049
4739.784285267467
5228.706823697612
5795.202434298123
0.0
3193.220413151108
5888.865200195408
6734.5346126574805
7994.941707657246
9013.48261013647
9860.170232332533
0.0
4187.153490308653
4021.365317884931
4000.190881820492
4736.061552500438
5126.834991594777
5672.627934340158
0.0
3164.46147708414
5770.89603329814
6605.091654644049
7846.585479677473
8850.480498322413
9689.996094917822
0.0
4145.093083856444
