6746.0
6105.0
5926.0
6079.80532548714
6243.530979145811
6536.271369131671
6876.920905564054
0.0
3490.8577060953553
2382.288813000272
2904.4244298212097
3176.347248023192
3519.0431844889877
3925.3045790515866
0.0
2441.4036549765838
3225.693968567254
3972.640230054136
4728.970060101765
5352.096460719339
5986.250809485424
0.0
3028.6931493320726
2118.2253359840447
2609.2456574135163
2896.8957370799235
3248.2287993578575
3657.8949003663947
0.0
2221.5546868002502
3203.295928861221
3939.8731017046657
4733.164801542827
5373.988387843069
5988.389240031606
0.0
3030.931097906843
2118.7358630601098
2609.949709442751
2897.316099084038
3248.5292175001605
3658.1119399921654
0.0
2221.6377460022522
3203.3251998504848
3939.900847207223
4733.183534794956
5374.001252219433
5988.398558164063
0.0
3030.9346613691205
