6759.0
5347.0
5196.0
5780.93790739542
6125.279552726088
6574.559303337202
7012.034065246449
0.0
3380.3301744290484
3057.4075218774447
3771.5908653749348
4183.108802578087
4664.943778193674
5122.2658389412845
0.0
3017.3902364689675
4125.407821644355
5068.404802093062
5769.11125381336
6366.656851892042
6864.165283075967
0.0
3315.320001938123
2883.7986638168813
3568.7585257346614
3954.7194960510833
4425.014201596167
4875.248012358915
0.0
2934.386158828095
3946.956801027356
4861.50351340495
5538.840343537203
6125.587673489526
6652.254545715268
0.0
3274.207264947424
2872.9601406476004
3559.5031995062923
3950.4677277574947
4422.429930571066
4873.878727227899
0.0
2934.1047179164925
3946.8838562100054
4861.440385934127
5538.8115010772535
6125.570091155846
6652.245242201707
0.0
3274.205352352348
