6109.0
5310.0
5152.0
6362.446763898162
6897.371824890952
7472.969674870978
7835.302780237545
0.0
3217.5288214448847
2681.663147817025
3814.714990255485
4002.038563078102
4476.152054286312
4738.1045182993375
0.0
2744.0822214647133
4430.221297057383
5965.833475677944
6777.0463558549645
7395.448302852722
7777.756372211415
0.0
3178.0022766135157
2640.8146585216537
3761.603536136685
3947.2336565182272
4418.306803271145
4679.699895280488
0.0
2703.1807234459725
4388.997543328462
5912.314524107288
6722.118811477342
7337.501492456911
7751.3734389949
0.0
3175.9355840181684
2641.772539044973
3761.464025293551
3947.5182866068367
4474.854803329954
4753.890081219599
0.0
2715.4458448983873
4444.856738090317
5988.816640837565
6813.514858747779
7435.249294900426
7852.99404439789
0.0
3191.5047345302723
