7341.0
6824.0
6919.0
8282.651995769544
9243.996219377543
9983.390763136304
10471.550767089735
0.0
2053.885030675901
2607.0599438941686
4816.280157514753
5854.309581338202
6619.368149053543
6905.955793769418
0.0
2337.820606258041
5416.861826987468
8420.79944455712
10001.244039633058
10712.93646765392
10825.826812942894
0.0
1905.8232009467538
2415.685307674505
4647.186868886197
5717.008917249342
6506.993338042912
6805.357309037672
0.0
2289.9868802551687
5348.746526878766
8323.226865880224
9894.241193922215
10602.1541045569
10775.548018550395
0.0
0.0
1420.953038003694
3996.865262523709
5604.129848298201
6558.509034085618
6925.774108388345
0.0
2290.0264996605138
5330.094732615849
8313.418019171588
9887.831773891718
10601.020860826
10776.045613268983
0.0
1919.8587545232226
