7357.0
6001.0
6150.0
8119.732154793094
9023.214308823433
9681.852285465797
10129.407363164373
0.0
4424.68849036643
5240.807254858824
5952.25528479259
6464.588025983424
6795.247122206221
7013.11790774906
0.0
3975.8573184995057
6436.138914757479
7932.102004981648
9010.80301478729
9740.77884432052
10150.297637186954
0.0
4344.718999711589
5201.992463811881
5922.449521689673
6442.520784979802
6778.808783409693
7000.489328105996
0.0
3890.1439153813308
6311.620041672717
7778.822501873106
8837.328934625844
9553.378027560855
10037.002736984747
0.0
4326.696580309457
5191.142474390437
5915.077195377368
6437.313132852209
6775.205542108178
6997.985671464163
0.0
3889.756770082419
6311.385523695565
7778.663452047228
8837.216564642036
9553.30027273527
10036.948711870187
0.0
4326.688226252449
