4205.0
4662.0
3899.0
4141.489809951721
4208.649827781722
4165.600628730859
4328.86010349553
0.0
2987.9138130858723
2759.893976147422
2386.234745693925
3152.832665092078
3227.5692374958453
3419.961373729434
0.0
2511.507146907857
2605.082605135585
2415.5907755351554
3167.354345374812
3371.208079363326
3598.4381728240587
0.0
2559.901691876762
2452.174517550675
2190.31440985901
2892.1444871802723
3015.062236909475
3230.144741310807
0.0
2373.2812434376024
2494.8523407642792
2327.143741527617
3052.7106705909446
3264.7141901107607
3527.060789947808
0.0
2513.6846644904754
2424.657940970359
2173.8950929455495
2869.9676888700706
2999.6025263178517
3217.4539406371623
0.0
2365.9957795700575
2490.128785635356
2324.4855318707314
3049.1066598599145
3262.1367813273037
3524.989312785511
0.0
2512.481008346833
