7150.0
6371.0
6674.0
7393.104942113912
7951.626948072657
8467.130264227353
8933.604352131293
0.0
2770.1752832353027
2874.3816824973146
3809.148228957164
4292.291428677056
4815.0598803286985
5267.2552394442955
0.0
2454.032799900943
4991.48073796198
6596.081932233552
7616.573756776743
8319.687800610425
8837.593394720741
0.0
2725.7617555089505
2824.516587543989
3748.61700824364
4228.9957461023505
4749.709638538038
5201.238928990322
0.0
2410.359381761894
4940.809899912915
6535.363145568658
7553.089459826825
8254.278321515709
8809.506904664137
0.0
2724.663498450947
2825.131533560182
3748.695377532663
4229.136250961938
4749.74579421462
5201.265672158849
0.0
2410.361351271642
4940.809632476015
6535.363292675344
7553.089408361011
8254.278331116324
8809.506896517909
0.0
2724.663497122115
