5258.0
4996.0
5708.0
7392.946843741134
8561.766935155594
9345.865450794372
9626.963143343302
0.0
1489.5296987171819
1070.1203989615492
3133.2772837601697
3996.468487532923
4895.847147686953
5122.567773950289
0.0
1859.979460122137
4482.475416945892
7400.567618905727
9082.991490109815
9916.573011166687
10009.201311037657
0.0
1398.0017202027732
915.6150269377899
3012.5062981938154
3906.944718549879
4842.636431222253
5087.411855766713
0.0
1848.4888882257371
4464.974616557139
7370.447341840465
9047.182738874875
9877.079219202515
9987.906370633256
0.0
1403.740629435578
923.5733171211077
3017.9149763809064
3909.9131062973265
4678.162965738721
4825.213886038486
0.0
1849.622125620839
4357.087675285346
7142.280869582414
8734.10222381852
9522.096170844994
9623.255923660396
0.0
1432.592527728442
