8913.0
9260.0
8855.0
9486.757594018047
10082.767975333802
10708.604188435624
11426.028049875213
0.0
4209.594666089241
4536.45358424575
4513.44444774624
5368.222338540017
6048.820306945338
6747.70786835122
0.0
3351.6856717241562
6720.288630100147
7677.792531583631
8972.61633351283
10105.683075582845
10958.873911590803
0.0
4040.5137680052644
4387.912316111994
4392.690195369895
5241.116705750781
5924.811632639339
6626.126256719904
0.0
3257.485112976275
6617.646189308233
7574.433908173761
8860.22308402855
9990.522632314714
10913.815708747108
0.0
4026.2463223408436
4380.942835770734
4389.764022078849
5238.572909581628
5953.691377658217
6662.260226478485
0.0
3263.503791690748
6652.368516371746
7612.93696448747
8902.888061985066
10036.921638282354
10961.763263797804
0.0
4034.9228565869867
