5797.0
5239.0
5014.0
5816.892839460938
6284.199121877736
6638.9853262712195
6890.219288122501
0.0
1661.302509665754
2034.5260539170526
2375.383765867051
2619.4168398965653
2792.0717224837517
2910.138285970644
0.0
1260.6699238048216
2936.330670650217
4084.9410733430723
4962.2709309392085
5619.88604384919
6138.061083312801
0.0
1612.3664691183517
2027.8264338710808
2394.840664329415
2659.1911574774185
2847.430092233175
2977.4404058132445
0.0
1295.7573012068424
2987.26926096263
4148.892896139321
5036.161968297476
5701.395320278332
6197.045417808381
0.0
0.0
1007.6822187771999
1595.3741029283551
2047.1135059179007
2378.2262836628734
2617.7390702530433
0.0
1258.8885174863358
2961.977387503465
4129.368445852646
5021.191484750927
5689.920251454651
6188.2484267126265
0.0
1617.5354516158395
