6045.0
6089.0
4783.0
7054.491927962733
8092.4355411824035
9059.18409896245
9547.243051575479
0.0
3165.86655571362
3462.8441922607462
4736.17291829738
5223.569255150458
5618.223873880797
5774.842824465639
0.0
2858.0313480258274
5076.243670838386
7115.067694950808
8338.358124147213
9121.988102835596
9528.06062221174
0.0
3135.668205871527
3360.8346143662593
4587.903003983702
5040.852419586714
5414.462609437417
5557.486537898548
0.0
2817.827509228317
5046.361123847408
7069.461821346313
8288.306025711148
9066.376877735574
9492.657091213114
0.0
3134.454881657668
3362.695506292334
4588.772365858803
5041.702992856427
5414.935782910252
5557.815678449561
0.0
2817.8419392936485
5046.345597275448
7069.45520142903
8288.29897623042
9066.373049685624
9492.654373956915
0.0
3134.4547569029537
