6117.0
6601.0
6385.0
8921.972994396947
10199.42801942221
11342.218770910415
12000.843286016703
0.0
3758.6932819809163
3785.503041007544
5450.416515232029
6072.894114202221
6737.501566807971
7128.532153868565
0.0
3368.878684043738
6690.4127437710795
9525.637209062428
11269.881818090284
12404.686887924125
13020.638519831231
0.0
4210.355503576384
4303.987819788187
6154.2709957838615
6842.163942391502
7562.537029792853
7976.335825801245
0.0
3812.801889525219
6753.332200973162
9538.304162035085
11162.666866232972
12261.217425866902
12932.226167967894
0.0
4208.0993160377875
4309.985355438871
6156.873246284755
6844.562734650144
7563.642306800703
7977.045217894333
0.0
3812.8236811013903
6753.28589561079
9538.284752796433
11162.648330207034
12261.208991033518
12932.220682292767
0.0
4208.099138504484
