6532.0
5876.0
6111.0
7410.141616847172
7938.679585883451
7851.1443551638895
7478.719621910594
0.0
3000.826951137472
5595.657808438188
6574.124904916537
6562.191677807465
6176.511707381541
5711.676386617393
0.0
3253.5123992882545
6710.869807277653
8162.967356850188
8317.141341358318
7961.093234613501
7482.712063553305
0.0
2994.01995012136
5586.010329420062
6563.721231971813
6551.76610978877
6166.195485465378
5701.43422648216
0.0
3249.465620134515
6702.9834441456205
8153.248739910179
8306.869640770889
7950.76429105828
7477.952105160528
0.0
0.0
3780.5498865138807
5883.85307736916
6408.669923432239
6185.005020905044
5736.933504861743
0.0
3244.4899323031086
6699.742004600984
8151.973559248812
8306.57710842655
7950.784031722609
7478.012614394683
0.0
2994.731708499331
