10449.0
9210.0
9879.0
11194.727402259297
12223.114192729328
12899.50113165534
13514.453714106881
0.0
3354.74695895467
3236.61162769584
5945.765226342157
6793.678934285398
7715.161742974626
7941.31056248335
0.0
3368.342692609178
7241.945032859185
10993.30227749224
12934.870288747188
13897.508588401472
14094.444903926085
0.0
3236.8169555779614
3043.1882461639093
5791.837598340466
6666.823523685081
7619.474726032457
7858.392175966869
0.0
3329.007054052163
7193.680992036374
10921.511105421083
12856.676701989993
13814.170678941933
14053.99032683801
0.0
0.0
1477.0023461552014
4552.874417068478
6355.86931668599
7538.16050945262
7972.892117434164
0.0
3359.0366688328013
7189.795363327568
10924.057613658735
12852.494429715709
13813.141638934041
14052.461816180814
0.0
3244.2313551577786
