8544.0
7132.0
6656.0
7104.941676352853
7220.739664926885
7528.707679870311
7891.676010053071
0.0
4113.551365827154
3420.356550609407
3619.3742336728747
4126.9694135556265
4445.197307916831
4862.81265503374
0.0
3269.117193328139
4252.148739980274
4883.030796199025
5719.972778231177
6330.931595887807
6868.397170174035
0.0
3776.9622202027617
3227.5221911792746
3479.986642558502
3995.995935364955
4338.564786194839
4767.205253211985
0.0
3203.9582740043265
4193.362310934353
4821.451532607556
5653.37390968798
6263.375439711068
6837.149078700757
0.0
3765.1324858308158
3222.4809623286114
3476.7523061913757
3993.373167869752
4336.997171717202
4766.117977662399
0.0
3203.6149583787023
4193.200270400042
4821.354587281423
5653.29420040813
6263.327284123322
6837.116052219632
0.0
3765.1220104844456
