8186.0
7983.0
6604.0
10499.151049736862
13188.409539141121
15567.566492475544
17663.87914854993
0.0
4208.293311024395
5745.548640293879
8013.875110367827
9631.841969554773
10966.250563749469
12004.851345293238
0.0
3861.024188166374
7864.451724501201
11627.36351816796
14565.373014295837
16883.919509157073
18536.632428880104
0.0
4082.6692212390817
5465.26642174504
7647.534988803566
9194.400900881763
10476.187159299245
11473.941142227051
0.0
3677.196524819538
7601.454793849459
11267.837917702356
14136.905541957163
16400.204829940336
18164.537974669183
0.0
0.0
2558.2970155431794
5176.618261288663
7319.392105000678
9020.033934740799
10356.231565416114
0.0
3631.595179824616
7615.752049486338
11273.717125952437
14144.39492909456
16405.52723289884
18168.816464633685
0.0
4067.629180938243
