9974.0
9627.0
9128.0
12482.813905279547
14500.074792119376
16154.349617204602
16869.236750594653
0.0
3973.0385383948255
4415.484098543622
7626.301053313808
9015.960364454535
10135.603902471525
10480.801807608188
0.0
4171.404814316898
8368.454460400531
12914.232424131851
15490.14649034557
16911.972694066288
17244.373173564494
0.0
3775.28688935686
4335.698687625467
7651.957032204025
9147.586702972583
10325.111334265905
10701.10271533382
0.0
4041.3710193761262
8352.591349053197
12985.854583041402
15646.402061343142
17111.839665544616
17592.649521460844
0.0
3783.58150424715
4288.812591771585
7624.578105791068
9124.70806506761
10315.301587638663
10696.762803455329
0.0
4042.358152848027
8353.833480629934
12986.711854376455
15646.90795404074
17112.053511954782
17592.706109327984
0.0
3783.555829111431
