7924.0
6410.0
6685.0
8451.140228948187
8876.326598220574
9616.765382146308
10338.70388619251
0.0
5876.765968871067
5086.613236666423
4927.294841120907
5781.2979393580645
6011.655842776534
6432.744263343867
0.0
4433.813314869279
6048.387346624948
6670.159976325853
8039.346912129261
8923.575078027792
9624.261698100732
0.0
5506.58974363193
4781.22402937727
4657.035190385022
5478.624369682613
5719.603878216086
6140.773772187257
0.0
4221.379553573166
5840.9692500087
6458.16946648491
7795.819893844886
8672.747703110605
9465.032315603083
0.0
5432.275064794059
4741.005291162827
4630.899438686012
5452.427060687527
5701.742342232346
6126.845807511994
0.0
4215.487514484204
5837.586088908111
6456.0542085278385
7793.6882344982305
8671.280466348893
9463.897634474908
0.0
5431.793248928399
