9199.0
7628.0
8099.0
10289.956831491376
11803.967297237452
12565.793579211475
12628.589897238144
0.0
2508.064476069249
4399.617139702153
6982.784250200432
8234.362140284718
8636.551626357246
8415.119946433433
0.0
3095.3327606705852
7352.022508661289
11019.58195451092
12872.51486187241
13369.418654333447
13021.975364302416
0.0
2365.145262968642
4219.657388899854
6828.828259158348
8116.2512658925925
8546.527640060902
8340.070521543314
0.0
3072.577126633298
7301.943688102073
10942.550433684299
12780.655885815579
13271.507205425243
12967.232375339194
0.0
2378.4043787022383
4235.239937936397
6839.050434708298
8121.17595129558
8547.721397570376
8339.518767373436
0.0
3072.448824653191
7301.922813224809
10942.539763999675
12780.664621208834
13271.515938675495
12967.239350351909
0.0
2378.4031388097283
