6444.0
4471.0
4970.0
4871.7835947247495
5578.980156924321
5917.675838211052
6466.981118725571
0.0
2012.6511641303214
1111.421469604957
2695.353460827869
2772.445922030208
3596.7551989701215
3834.0767614907586
0.0
1757.4218844673296
3391.4947779868944
4947.323120297346
5634.230295091926
6177.728593103893
6492.84186161172
0.0
1961.447656823274
1080.5332556995022
2660.0114228312286
2748.568798904549
3570.7553674850783
3810.992710196418
0.0
1737.439993913014
3373.0232524315084
4921.138664463753
5610.070916101533
6151.926515946456
6486.951325754591
0.0
1963.9282017094997
1081.8161679039672
2660.788068569603
2748.621921755975
3621.7587524311093
3870.342782989512
0.0
1743.3878552166975
3416.2282782163497
4980.653297782989
5679.879883651356
6221.633272497122
6556.567805339819
0.0
1969.4419235659766
