10011.0
7380.0
7524.0
10113.968946068444
11998.588001089549
13230.028582762394
13835.470712567834
0.0
3332.7681216623487
5374.15114846295
7669.906382988378
8964.796436449295
9655.546982871432
9900.027878753923
0.0
3536.094366931223
7373.707628506635
10650.525188629184
12630.002936047636
13683.543052958574
14014.748518172866
0.0
3198.5993662949695
5163.733583198149
7417.424323957609
8691.478290584233
9372.529293189333
9612.928006622458
0.0
3447.2464662839516
7226.360434521142
10442.242995488243
12384.897408218185
13416.25679101854
13841.033635049207
0.0
3215.001819510411
5186.893909052849
7433.652749499521
8701.852983733239
9297.16843726272
9478.507880569161
0.0
3451.0217544347984
7156.948776325763
10312.984712604764
12213.142363580886
13219.392630686754
13630.38909196627
0.0
3226.260622652512
