13290.0
9506.0
9782.0
10098.743546314256
9927.95066209805
10473.313481448138
11245.50168605518
5396.357959184756
4836.072415546447
6444.278266348618
6245.471779316407
6400.119114198079
7362.058608394289
8055.335219773658
4602.24559874825
4596.016419148622
8306.699219110433
8897.301920042346
8960.14703948989
10194.328483278441
11001.89409735312
5090.563128296573
4650.906944389129
7257.199911814713
7215.986019883265
7257.011107743227
8371.365003968387
9144.506128128496
4700.667070422152
4522.646370320586
9340.808504029628
9972.441045308466
9822.251083306632
11231.48189167909
12228.277193443213
5323.269361468476
4697.411873418014
7473.405699424125
7296.174355612516
7245.277451853794
8399.089749868352
9167.885734383872
4698.103769334489
4523.796119617105
9346.158107322828
9972.75285701878
9821.641575391166
11232.388367982463
12228.615325973122
5323.058842654167
4697.497016060457
