6690.0
5624.0
5535.0
5006.00146283808
5206.354116622941
5394.044573281127
5706.45084144245
0.0
2487.19987052021
2164.153493374407
2940.6658875180324
3141.0940262142317
3535.8442099074455
3828.5806047528426
0.0
2264.3743006733303
3628.3983762836633
4509.881886377307
4987.7920960053425
5374.306294720372
5705.212206844607
0.0
2488.1254161605048
2164.7471803257613
2941.318414823873
3141.6714120687066
3536.432860467293
3829.157143980069
0.0
2264.8820233199267
3628.879733966889
4510.457183805255
4988.357334113308
5374.885545778726
5705.348469756134
0.0
2488.126398954265
2164.742642451267
2941.318018337351
3141.6706388550324
3536.4328619861526
3829.1570398181566
0.0
2264.8820073863117
3628.879735607856
4510.457181573398
4988.357334639269
5374.885545445682
5705.348469872497
0.0
2488.126398983388
