9709.0
7327.0
7825.0
10685.93308907381
12360.764192108307
12952.560663598273
12841.525763264654
0.0
3713.521127061186
6957.393043588557
9025.436042196534
9717.513122322534
9624.727819051393
9177.800594391267
0.0
4145.350082513459
9152.157997627446
12195.013189046442
13362.595752930709
13431.762550478816
12986.33644440302
0.0
3655.66732859573
6886.670557909924
8956.711504077259
9653.412370690454
9563.988856769107
9118.801695262116
0.0
4125.353041729468
9114.147091868716
12144.566431031166
13306.278722587429
13373.333048346898
12954.723662509397
0.0
3660.5520096134933
6891.098592651336
8959.205467998185
9654.48830897743
9332.489833921409
8735.350432249597
0.0
4165.994946708077
8923.86038905234
11784.91023065648
12853.280792352241
12882.241945183549
12453.012844869081
0.0
3721.0660882291313
