9827.0
8991.0
8134.0
11052.831473443273
12508.581754267907
13514.544738599641
13866.626643825157
0.0
4632.121517470401
5735.009772483825
7643.743551663438
8334.043323700917
8686.070224333302
8681.91245498431
0.0
4499.57315937988
8437.050523416761
11512.15863748593
13113.340896066817
13868.0151977834
14017.185966235196
0.0
4554.667349201764
5615.810700890284
7505.355581806074
8186.8598238173
8535.29983884604
8529.745389798563
0.0
4430.395778717393
8342.606173491116
11386.506244942157
12973.24201258711
13718.93428344924
13931.622773258725
0.0
4557.4794059456235
5623.514704070631
7509.834725813147
8189.823776351845
8536.782863038541
8530.509414242908
0.0
4430.359730875158
8342.531392225143
11386.461955843784
12973.213428526336
13718.919914981514
13931.615447481134
0.0
4557.479762294493
