11441.0
11790.0
8999.0
12041.961637710729
13510.164424769247
14624.529048247827
14801.674421791271
0.0
4719.964891719647
6830.934769105216
9785.143893997518
10811.637086839912
11090.245881884792
10797.208142428028
0.0
5035.763066236527
9422.37074926673
13183.831761714522
14686.092998504671
14981.350881074755
14587.636818273124
0.0
4362.522805185476
6346.752257148403
9194.77348862842
10200.998132581803
10480.549690422942
10200.1860215701
0.0
4783.592641021342
9325.917784728717
13096.76711011452
14638.55205692208
14937.642202896677
14572.242680009365
0.0
4367.334620137147
6351.291501191605
9197.44884365795
10202.045444163747
10480.666349494326
10199.959758974823
0.0
4783.5726986132195
9325.933617445913
13096.77546638186
14638.55954912704
14937.644738598723
14572.243304006995
0.0
4367.334333840594
