10670.0
10195.0
10022.0
10658.22302045299
10965.966069575423
11395.810903085378
11869.588211747176
0.0
6206.097357380917
5517.552121676449
5668.452604391849
6441.734467297434
6828.073507339215
7338.86561703465
0.0
4785.527307447484
6708.630441455931
7654.427240818593
9018.318944864564
9982.045207490024
10768.191772706112
0.0
5760.902311137271
5228.810080663989
5437.570948278864
6211.514053437725
6626.281105539818
7149.985211355997
0.0
4656.585202719084
6589.739496805921
7530.42734070228
8881.892552275407
9842.613259943286
10693.457094046658
0.0
5730.854690883131
5213.907324571357
5427.7114300867925
6202.9319497137385
6620.6243315827005
7145.816443075312
0.0
4655.128040291273
6588.960581233795
7529.935756152445
8881.461371900654
9842.326729617924
10693.247481382092
0.0
5730.781205725686
