7396.0
5571.0
4369.0
5174.730596999109
5633.355051549263
6359.375734593736
6848.627446740329
0.0
1973.790557354172
1262.4326619411686
2590.5692797483835
2848.49909832696
3578.8720072512874
3966.8247905817802
0.0
1681.5906382281964
3412.4043460484836
4958.729618173012
5822.247703788212
6470.397017817017
6905.485219685993
0.0
1937.4548686298358
1211.172122658434
2534.3924012264133
2792.0934919454703
3523.077222562032
3911.6974337122724
0.0
1640.6331890708898
3372.818951768107
4904.4907639949815
5769.330308796032
6414.547038259222
6886.527612012679
0.0
1939.8357576513495
1213.939058321751
2535.5884404869057
2792.7060138793177
3571.1632102450394
3971.7030581073795
0.0
1647.84141959615
3415.7418661937886
4964.741073771414
5840.654054640827
6488.218469719125
6961.1473955855445
0.0
1947.2099574325662
