6754.0
5942.0
6060.0
7595.478512246997
8617.447774537262
9585.021901726435
10418.69155975967
0.0
3267.1141059944835
3405.7839716495387
4234.465493980019
4815.823084580802
5396.358139536719
5927.318198334307
0.0
2488.1421300901966
4336.801079959819
6003.851006326775
7392.239163927886
8587.933453823503
9543.621587640197
0.0
3039.066899005479
3199.670700589306
3994.4184738180256
4561.237589719052
5126.951724161614
5646.785742810964
0.0
2362.044479320819
4186.81899814066
5815.232658017346
7177.388635049597
8350.828053414874
9366.4308162358
0.0
3008.8188822519096
3183.0221479316046
3979.1629477211736
4549.451205999049
4982.229947165877
5424.270600754369
0.0
2323.029518256676
4030.1641317109925
5580.6832308661305
6876.016908858869
7996.836377092657
8969.918362338063
0.0
2939.94251923266
