11866.0
9205.0
9551.0
11887.989792909333
13592.34302751541
15032.189145646382
15761.132527333528
0.0
5464.477719338508
2662.8271621824506
6937.369003635163
6620.4098716795625
8617.663213077514
8513.840985070623
0.0
4652.030608202635
7905.521739391333
12487.328505596566
14281.677160340776
15806.809260202192
16062.524080835721
0.0
5341.165627288636
2507.11578629383
6797.835929511496
6503.204413485315
8520.082312816558
8426.368676149259
0.0
4598.524492312181
7857.639683258511
12406.450813379648
14202.496535430724
15717.041051350549
16024.69662193126
0.0
5349.013458379217
2517.9733889652916
6803.989546027962
6506.943560212721
8515.593396197097
8419.29424449923
0.0
4597.350732712717
7853.43100263744
12399.310941302683
14193.67058580473
15707.393795736098
16014.883273036627
0.0
5348.119847888453
