4691.0
3833.0
3498.0
6024.240568355628
6047.879648604214
6056.3539753025425
5869.168410409191
0.0
5561.348502053214
5430.67430582669
5631.998679070034
5489.1697769948305
5269.023335847103
5012.728167641243
0.0
5473.639587905334
6387.816042841281
6709.519392072054
6674.633528270083
6490.293633045016
6150.864187219053
0.0
5493.821139781521
5593.614523205596
5811.408031608413
5690.667496708879
5477.303936241807
5223.990820075729
0.0
5396.955573364954
6283.214773220316
6592.210623986039
6552.413850836963
6366.021658456473
6124.247991012322
0.0
5489.889883660903
5592.848905313098
5810.962582812419
5690.499782014985
5477.2350683658615
5223.962345787801
0.0
5396.95214164288
6283.214041595051
6592.210227988695
6552.413697846429
6366.021596177928
6124.2479652241855
0.0
5489.889880554034
