11495.0
8879.0
8107.0
10427.592808405192
11816.501518699572
13064.167444574285
13711.31882357621
0.0
4685.931763272279
4607.89183166267
7151.0826295874185
7867.003463778621
8753.235049180917
9091.662695557503
0.0
4438.190008418895
7404.603514204942
10761.078030427576
12397.43750162652
13477.000690717548
13897.64726831509
0.0
4603.794490325203
4483.890315083006
7016.56742807131
7730.608299348274
8619.320282804603
8959.875532575934
0.0
4369.562128134445
7325.818018463452
10649.918810922156
12277.869729290309
13349.321893115513
13831.63292439609
0.0
4608.337372764512
4494.0847055511085
7022.084441162966
7734.336216805043
8634.336775011841
8980.429167305781
0.0
4371.173703562552
7337.654516677502
10669.309065579584
12302.301574445952
13376.12177635121
13859.459131955151
0.0
4609.727697744043
