4897.0
4022.0
4842.0
5757.467361366674
6125.558728696446
6286.766599751235
6444.625946226941
0.0
3513.7655183689094
4624.760023444924
5215.85566817889
5415.234091719273
5506.872173082837
5560.100727820705
0.0
3502.367516699366
5247.656228537203
6037.068894117122
6319.821229262899
6434.815592999966
6450.608358334239
0.0
3467.237317361112
4564.697073803721
5150.121252669756
5347.961977221872
5439.144275968365
5492.267199812013
0.0
3457.2182895599794
5189.196237067172
5971.907555133478
6252.76210929856
6367.149395980612
6427.189834707378
0.0
0.0
3404.583206765578
4669.883062713395
5210.075313017069
5398.1969496613965
5482.331427365505
0.0
3457.587963831422
5189.473603416733
5972.01019271692
6252.798101296736
6367.159875429376
6427.192709569522
0.0
3467.6624992976863
