7901.0
7178.0
6429.0
8464.646065407345
9594.318561780941
10130.43419147747
10277.567575307137
0.0
3048.5568431913825
5017.068640291471
6404.299593712881
6934.375312304155
7028.873281433776
6917.773451700707
0.0
3262.565957468144
7000.933708122792
9266.290635952415
10249.25284982841
10509.824322541463
10423.197707822565
0.0
3005.5596939427533
4962.610415383367
6350.327260154705
6882.749538154937
6979.062477039877
6868.93055329391
0.0
3242.245447036166
6967.5853927758735
9223.927336082266
10202.855115040478
10461.864892596266
10398.437681860485
0.0
0.0
3227.947865106546
5425.679958662868
6517.136178196071
6863.13151160728
6849.46621350239
0.0
3247.52237359501
6971.434907191134
9226.015021395822
10203.744513423651
10462.166313702826
10398.502898366718
0.0
3008.1572293195786
