8485.0
7864.0
7083.0
9470.793992844607
10529.269291176017
11230.950898398893
11644.613213438637
0.0
5169.981014767396
6509.464779079636
7493.875664332631
8137.117092965735
8493.610707170617
8652.163314208836
0.0
4786.5804297448485
7478.237328770385
9193.305631470072
10373.860605228561
11123.051513175687
11471.987060939551
0.0
5056.01153537587
6352.876809252799
7304.498738380482
7923.472553415631
8262.562398159329
8408.51159558146
0.0
4662.538320259608
7315.0695335536075
8999.26969808748
10156.811064064104
10889.544655007037
11319.245328691548
0.0
5034.87390410423
6339.0071621375255
7294.688657378846
7916.3024226251355
8371.744294167847
8580.348418931697
0.0
4683.751932206422
7443.658274252377
9184.86253153521
10385.390848362958
11149.364435451378
11601.592690493362
0.0
5071.074787745579
