5618.0
4911.0
4746.0
5861.2367577774
6290.738693115683
6780.532797192389
7204.001899126379
0.0
2583.294534812341
2351.65070184142
2856.2891870915178
3211.132885313715
3609.550149106034
4002.7936150832197
0.0
2139.660503133503
4578.702888316528
5485.919627834763
6245.501244826966
6786.740561209186
7226.791405674874
0.0
2617.565488151269
2388.6449017519376
2897.918954667723
3254.19076315027
3653.46153799681
4047.071201610436
0.0
2177.068780689628
4552.912899293287
5454.379260949494
6205.250757067881
6743.736608739611
7214.391151021746
0.0
2615.5486985656376
2388.2007461761013
2897.587563941004
3254.060702795844
3653.39360975234
4047.040306417272
0.0
2177.064136680793
4552.911853810621
5454.37849421487
6205.250454063125
6743.736451066776
7214.391079189374
0.0
2615.54868777071
