6164.0
6151.0
5813.0
7479.017127655019
8433.160260851677
9360.941418568837
10118.523462691164
0.0
3029.249912558207
3186.299731388188
4049.390411159197
4608.5747684588205
5165.545832455522
5656.8393925874325
0.0
2275.598699589413
4551.090313786491
6391.267117868672
7885.520632945946
9109.326410972422
10090.367961130123
0.0
2991.404410558228
3129.6535506525665
3975.100382750389
4521.608064402515
5068.61019712684
5552.319347346524
0.0
2221.8585147838467
4486.6547984896
6309.782358431612
7793.368518736147
9008.318361409702
10018.815427974348
0.0
2979.7640748097547
3124.155785678997
3969.945805406137
4517.911401391128
5065.70163498657
5550.106936792467
0.0
2221.495756122763
4486.483235739117
6309.621593770147
7793.253203599713
9008.227636733474
10018.746416194239
0.0
2979.7527592405677
