6864.0
6701.0
6496.0
8878.272386054838
10149.093262184966
10853.65092192894
11229.667866136904
0.0
4685.93424984286
6879.8628254234
7952.648494678364
8663.007293786184
9028.133097718699
9132.202481024164
0.0
4537.426009815157
7606.531195831118
9270.684386483883
10382.229034377442
11046.682136715915
11262.409856367352
0.0
4584.761116048288
6689.2303511332875
7701.23496312874
8367.128867022606
8699.511187109007
8779.624657463835
0.0
4403.7651480754585
7385.09859851814
8998.768453721184
10071.368708483613
10707.008260363431
11009.836817281199
0.0
4563.529025831335
6669.080212205735
7687.822855446545
8357.328620899742
8692.281560325828
8774.33632634256
0.0
4403.317308221114
7384.674672121482
8998.486231125713
10071.1624619736
10706.856118025014
11009.725528501413
0.0
4563.519601378555
