11718.0
10626.0
11297.0
14304.26328118348
16663.033282277087
18179.49562017452
18841.823383206418
0.0
781.0918083130341
2594.74816733611
6181.726673653533
8667.550002283682
10102.756908158603
10627.870074453609
0.0
2289.959930881187
8553.053021264786
14332.68373481279
17954.320631787603
19548.72789620774
19791.106538578253
0.0
491.7745307319109
2301.162836861856
6017.291203529519
8632.78623969301
10155.223871611079
10720.449426878748
0.0
2214.4873420052527
8423.49044165646
14179.407082544327
17796.199578465144
19395.06489151438
19706.92401591692
0.0
515.6772368900041
2328.7566133035466
6035.984106769933
8641.844129141611
10157.352254693917
10719.185210625637
0.0
2214.3182141556367
8423.516605164205
14179.437587351817
17796.24039465419
19395.08975036552
19706.93593966749
0.0
515.6734829725314
