9099.0
7245.0
7231.0
8852.299500321275
9208.003662342346
9846.523216129452
10397.828492303555
0.0
5521.964038719948
4584.97579786203
5080.023398809936
5646.64244067673
6040.385089505786
6525.8476507235
0.0
4556.448297598987
6754.471735456338
7687.361371506066
8807.702190821596
9557.200876502826
10157.296394838313
0.0
5402.6103596815265
4499.485023202716
4993.010426609212
5557.466248616741
5953.0064796985225
6438.171012127416
0.0
4478.745086074412
6684.069209023524
7609.613978198396
8725.153580031989
9473.279321025591
10127.603901383316
0.0
5391.463445486166
4496.213939529599
4990.616045684244
5555.841709418657
6091.340936049068
6592.283172347478
0.0
4516.274737333536
6837.9598083135215
7772.752852539524
8913.082204062202
9673.60851301852
10334.460921349966
0.0
5442.839391566596
