8227.0
6683.0
6917.0
9265.227036308088
10758.542708882687
11793.562935918253
12243.575074407985
0.0
3060.6929428631647
3429.6686285215897
5366.612296776105
6113.965124453434
6681.003479396749
6844.680956613597
0.0
3097.488678941236
6638.506458056345
9696.728824783038
11382.687975880179
12213.312628154996
12446.100356981151
0.0
2990.4711030876924
3325.181909379656
5259.54146895999
6010.086700491674
6582.585835664846
6749.892875124804
0.0
3056.7244746876954
6584.677034960592
9620.532714706213
11297.579457824791
12122.517436234708
12396.268792883828
0.0
2995.8659716462994
3333.923879044861
5264.901600654723
6013.307363502136
6587.60851060378
6756.077710710941
0.0
3056.7790235836515
6587.704130483688
9625.916160104069
11304.557714384311
12130.270230295528
12404.338319274306
0.0
2995.798078344617
