7788.0
8149.0
6674.0
7917.213882435913
8648.666917893353
9196.094703016732
9232.099807378398
0.0
1902.7410110563692
2655.734560078893
3637.5380100275725
4172.483713985098
4459.07855127992
4545.746075467848
0.0
2006.12724155406
4409.237702102628
6313.876943632336
7542.308590743247
8259.557431228131
8647.141585440742
0.0
1958.047954065266
2749.3948012874384
3729.721354160482
4261.930116303487
4544.57995243391
4628.465673981038
0.0
2028.828838946171
4445.575115011522
6364.749093347481
7602.647586610927
8326.291200127393
8693.286608893663
0.0
0.0
1369.3003313832342
2699.9415480780526
3596.79729204375
4116.764146327308
4360.526946444431
0.0
2042.8233537494689
4469.219031653198
6381.805068054635
7614.636914661989
8334.021094380116
8698.206780089533
0.0
1955.7449547582987
