8331.0
6658.0
6487.0
7482.851818055755
7910.068059040739
8434.485451268622
8936.140971049424
0.0
3954.8868467673205
3814.8234322719395
4325.200393316403
4845.611199723246
5313.04617749737
5793.37505613667
0.0
3260.026819315099
4966.569088915106
6054.026245885371
7053.952516859774
7850.452085498133
8477.390032049187
0.0
3782.966692043941
3661.8844900312656
4166.640037041179
4681.4720910920405
5146.980470790008
5625.478731920326
0.0
3157.8564039278895
4847.389183809495
5918.371154416425
6905.863816274592
7694.861517554834
8381.64239410852
0.0
3759.246688152401
3650.5373537967284
4158.891688421096
4676.050360347657
5143.442425360819
5623.089942823721
0.0
3157.2791108153824
4847.110552900869
5918.181816395544
6905.731186878632
7694.774960601328
8381.58396466649
0.0
3759.23256693384
