9512.0
7468.0
7220.0
9751.795914115828
11599.13840835482
12849.30464985932
13317.955322161866
0.0
3152.775053291696
4654.586286482176
7443.160408129257
8819.929114781951
9538.316499906301
9611.440955068054
0.0
3476.8990434391585
7130.1496570468735
10835.685521867168
12834.676851718992
13700.364649724099
13675.389783513898
0.0
2959.1323736356835
4389.34388012987
7172.829495861237
8569.847194451397
9310.813372738925
9399.964319372357
0.0
3409.101247804498
7022.769015678643
10672.159757877915
12642.37428500468
13492.819784454834
13555.935249734455
0.0
2983.0316484146233
4420.8460813623105
7194.104547261541
8581.514241847246
9625.052270365983
9912.32112447306
0.0
3383.434800719706
7247.864689835607
11128.113332468714
13260.061933754825
14189.711130551656
14278.74220671097
0.0
2912.991247584733
