6717.0
7361.0
6790.0
8370.940412961016
9216.712142318547
9916.415640797437
10301.270893430765
0.0
2757.7084709105256
3553.3771144843317
5123.31130788866
5888.569966544281
6429.012154373279
6720.558191911601
0.0
2781.8783072287324
5536.535443313129
7895.384499289059
9241.420530603742
9999.142298590155
10388.253025651036
0.0
2756.9863820574305
3545.4313671934287
5118.5546862006195
5885.103163634231
6427.098839704984
6719.335873687837
0.0
2781.6461515366045
5536.208014896306
7894.885207944557
9240.83827081246
9998.509224165424
10387.900557175024
0.0
2757.0128989716964
3545.475417159192
5118.581064015882
5885.1188455771635
6080.246876092393
6180.304256611571
0.0
2770.4472550334885
5228.042306201091
7376.455655693275
8584.759502377254
9275.26405546352
9634.718417308904
0.0
2761.238132626085
