12268.0
10837.0
9598.0
11603.89136275618
12553.527161019752
13368.778760137475
14011.871885978955
0.0
5304.934421935243
6426.313567203879
7709.950991391599
8514.909214589632
9190.797906250877
9775.322015413944
0.0
4989.656422863698
8678.700107467494
10879.648311072882
12276.501654956684
13231.50000645604
13877.994485804598
0.0
5230.022778556153
6333.878175267992
7603.181371002434
8401.899358019873
9074.359873699961
9657.184189675998
0.0
4915.864001285378
8586.540042328284
10773.078446063504
12142.66524084986
13086.168704579795
13812.016290170523
0.0
5225.8989402200505
6332.941925476527
7602.475372055683
8401.590111963875
9074.191015196162
9657.100306279295
0.0
4915.85860245719
8586.538792188785
10773.077512414446
12142.664830342355
13086.168480797402
13812.01617892657
0.0
5225.898933058766
