8372.0
7964.0
7718.0
9842.31901500502
10783.970052468003
11683.73853410952
12282.440356087413
0.0
4464.774391035647
4269.28680671793
5647.8239116250725
6134.818911770404
6756.276652124187
7217.355451934982
0.0
3867.594708741496
7064.628130506572
9315.595922213419
10668.500839372846
11587.407170623352
12192.80771802788
0.0
4394.728257029801
4188.8344374048065
5548.906713768587
6030.762574756236
6647.9420808387895
7107.491036381888
0.0
3794.8424537221536
6984.080695963993
9216.21666842023
10564.38193802311
11478.981579223066
12142.780959089692
0.0
4391.326324622888
4189.742250459603
5548.682782651448
6030.970805980651
6712.594786625986
7194.650010290496
0.0
3805.959833633765
7048.956177996277
9305.173218243233
10669.763538607574
11591.642023165168
12259.568426782924
0.0
4405.1355526211655
