5581.0
5041.0
4694.0
5218.814054760113
5479.754964003645
5802.628153111341
6147.541567675848
0.0
2451.2103347689117
2439.48009542282
2665.8433550464106
3049.169740810306
3376.729189501612
3723.450638623631
0.0
2035.7013037762767
3780.639144722916
4437.742040259947
5107.902425677348
5632.507842505554
6062.321151963445
0.0
2418.532654033485
2462.1311564385032
2700.0660599226576
3091.073323435681
3424.310594129055
3773.717645384998
0.0
2030.1773574586127
3767.884190379228
4420.392222734885
5088.437679972836
5611.688803983636
6054.7485747399105
0.0
2416.600924178014
2461.3662037832564
2699.6680767017106
3090.803459552725
3424.168595215565
3773.635677702424
0.0
2030.1604372547595
3767.8767415886036
4420.388580797182
5088.435191263479
5611.687479078848
6054.747816976648
0.0
2416.6007671738676
