9247.0
9367.0
9025.0
12256.850398446779
13819.490381793255
14218.451514442051
14569.026980500075
0.0
6534.208923325585
10461.492382281658
10031.475853610005
10242.796804381263
10701.459685944405
10672.113943239327
0.0
6289.292056099466
11468.914556784435
12246.020283440164
12998.879643505681
13845.451404345755
14045.141765448869
0.0
6405.570480557482
10213.332984869825
9796.8602983988
10005.147367772972
10445.396754485917
10408.171730452514
0.0
6161.237291161861
11255.870715992613
12030.190718314409
12769.34037191081
13597.347228337383
13896.585870728766
0.0
6380.966683689914
10180.257262975143
9780.560324086946
9995.03532141236
10436.494066438721
10401.804422628653
0.0
6160.4145485165645
11254.57728157859
12029.545221020386
12768.959268999442
13597.007235819068
13896.339329967555
0.0
6380.935458897245
