8212.0
7790.0
7431.0
7800.730388627877
8097.290697623113
8512.262695274414
8929.919416767409
0.0
3797.4834696329176
3313.8857433760195
4287.295289249786
4638.067441324023
5175.387005074825
5621.041924021914
0.0
3224.5825240175977
5414.204136226154
6774.615234647746
7696.196132034371
8390.085765774342
8930.001041916588
0.0
0.0
2531.9314792129835
3401.7358787145763
4321.372476518531
4921.726578305562
5484.881407863195
0.0
3165.0197037523503
5366.728124673032
6717.272476817465
7639.714632213317
8331.848708657806
8908.803161430402
0.0
3758.258994472634
3269.27042464388
4234.236183542625
4582.750233584278
5118.1342942952
5563.079105738362
0.0
3177.405942012545
5368.390524839521
6719.865610843981
7640.406023606483
8332.442636504675
8909.020764558474
0.0
3758.292997335996
