10427.0
8117.0
7835.0
10862.91108813708
12524.906089920154
13539.098474090573
13990.75253790856
0.0
4478.309404992145
6091.058053465037
7784.473587378922
8524.725519915022
8898.87083921235
9028.619394327447
0.0
4444.023239893263
8760.22568240434
11647.830127449339
13154.405002621454
13867.480331105871
14093.553324011371
0.0
4402.733891075037
5980.912832042667
7657.068445108393
8389.98018203715
8760.987939608327
8889.51180598817
0.0
4377.853013581941
8666.200131827653
11529.391809559223
13024.758651896613
13731.98994875034
14021.117176415555
0.0
4405.359777105115
5985.639295588942
7659.691015716551
8391.47786596158
8787.369488731269
8929.04935929371
0.0
4378.614913373139
8690.456283342655
11567.893337394478
13071.909276268641
13783.328156013522
14074.438119679207
0.0
4405.660078541582
