7422.0
6240.0
6522.0
9505.233143418252
11160.190437170495
11867.798634794404
12440.211804907893
0.0
4341.523706130965
7638.824829288824
9792.419202936224
10644.307391322736
10770.031110737058
10530.84279031778
0.0
4437.719042204212
9009.73258821933
11870.592838394317
13115.926429611874
13414.70273966205
13143.41383960564
0.0
4162.8389201510645
7402.489094564802
9552.284358240584
10410.213843888168
10541.91739669994
10306.36518499695
0.0
4352.410441029174
8865.507854773192
11684.259897581536
12908.669660711363
13198.038910506704
13023.503370183178
0.0
0.0
4854.01174885221
8109.184171536501
9754.912688900373
10277.300127976176
10217.149325060236
0.0
4364.918030232031
8876.529607591929
11690.659275541837
12911.807195276353
13199.364891002799
13023.98587977123
0.0
4174.365138637151
