4833.0
3894.0
3172.0
4494.670946605662
4807.146011165388
5176.121584345576
5611.015926320846
0.0
2355.0155063127786
2479.6439777794176
2563.0913072151643
3016.641331550343
3357.273602362305
3711.8916446656895
0.0
2059.012019077916
3660.3125157398795
4054.9135956643477
4658.5178402422025
5152.469601147986
5524.231072627429
0.0
2306.6427135350827
2427.7412411106634
2512.6998153297704
2962.6837990763547
3302.709809502756
3657.0422675898044
0.0
2011.21339409948
3610.774612042584
4004.8941275040333
4604.858479365248
5098.148197987824
5508.571420787131
0.0
2301.386256912754
2425.90444221775
2511.990966715202
2962.0506025948143
3612.4264567688433
4009.0918098384373
0.0
2064.119319439584
3953.1803233539617
4366.117394774647
4997.700973136193
5517.666350673349
5935.828059981992
0.0
2368.718887628993
