8926.0
7241.0
5923.0
8556.586692250388
9732.74588326224
10771.440221259127
11208.893135856662
0.0
4481.459069844118
4901.230588597203
6657.319436540504
7173.191193417361
7628.147826702437
7762.608949553691
0.0
4227.952355525873
6793.189663331585
9249.241525362508
10434.315591278653
11135.673097418392
11360.792882634618
0.0
4406.184053710145
4785.08305926218
6523.0153776149655
7030.357401919132
7481.908517215912
7614.970179562031
0.0
4149.911844256371
6700.056169467767
9125.441145857134
10300.084165627546
10993.194235429051
11283.474811265023
0.0
4406.340268285701
4791.436064138517
6526.050672845322
7032.721766834126
7433.822471687248
7543.133799605389
0.0
4143.211751733977
6653.573872329285
9053.27349073032
10210.409083843311
10894.656908733003
11180.236798103411
0.0
4399.101496374146
