9958.0
9098.0
9872.0
12655.565868580492
14598.442364838356
16316.992505351122
17330.29981570423
0.0
5077.615522201037
3278.8355696711014
7247.233302223628
7980.027588107053
9902.53835631157
10485.7677680167
0.0
4617.427264247372
8032.120764102526
13092.621033423668
15737.295541864576
17851.328833876538
18631.866173452327
0.0
5463.924102138119
3574.3966277098066
7845.887355067178
8628.534627828263
10667.936083010896
11261.698992383619
0.0
5021.733467265994
7919.219955088704
12979.075931508964
15417.063761059553
17530.570364142106
18418.823727310184
0.0
5472.975898497992
3619.906938197763
7870.196315714533
8649.86458490819
10675.523852377146
11265.977856061034
0.0
5021.330562570861
7918.198711827534
12978.480870603611
15416.599651432176
17530.39484006363
18418.73833644812
0.0
5472.988590749669
