9784.0
8483.0
7823.0
10590.312443280804
11217.952775117074
11789.575972284478
12567.46350217148
0.0
6432.76566883224
6879.376982206042
6189.653324107757
7128.532042129644
7523.028926846987
7813.101487778668
0.0
5276.527597164122
8479.763517081907
9022.841467673274
10447.159711289165
11495.438572919478
12116.129643742666
0.0
6271.756596835502
6708.668150622815
6059.8571723763835
6985.826806594668
7380.5100486976535
7674.766609993475
0.0
5173.7240782755725
8367.450923160497
8915.030263696603
10325.133032184134
11368.960848675459
12054.052259854598
0.0
6246.852041099407
6693.638835613885
6053.0196529975265
6978.825143664122
7600.356927465842
7954.264673363923
0.0
5237.404178312723
8647.165977087665
9219.32320895114
10670.264410982429
11757.48989458093
12462.038467863787
0.0
6349.177156430493
