7051.0
5630.0
5009.0
6185.421517545511
6906.3780164820755
7782.313876729315
8493.027492808986
0.0
1667.7136410368516
444.830498675379
937.3827170247123
886.2452857208746
1192.425409696515
1430.3847377168308
0.0
305.50151553988803
2360.470417804934
3820.06738900088
5273.855468428842
6438.6912580032085
7575.291831068281
0.0
1618.842910709367
577.3265454449945
1091.2729773898
1103.3404258113737
1437.3074117498077
1705.9041669726762
0.0
451.56461283332123
2514.391703770051
4037.1127519121073
5517.7119556399875
6713.617340292463
7778.057928901762
0.0
1651.597066969323
580.758538008577
1101.7900390064665
1107.7396497750287
1415.4832773959147
1667.1717098237114
0.0
443.03298612096114
2485.64883745673
3991.8719347294714
5458.508836198259
6643.719770232398
7699.696943464226
0.0
1636.2446089825585
