5494.0
4591.0
4522.0
5623.058671458435
6068.279544258658
6553.402879541539
6961.716400750023
0.0
3478.0140453970116
3402.923973246459
3959.9700169021035
4366.505686363187
4733.523299830648
5078.655366275295
0.0
3055.5201993332203
4114.813770818186
5018.667456229129
5744.147804579939
6318.066251094783
6738.292391146155
0.0
3362.3227332339056
3342.0230929776953
3901.5826640997266
4315.865244121685
4687.630122044009
5035.885255840868
0.0
2980.8336705994425
4072.986603730048
4974.419774053587
5703.10073447574
6278.635843213732
6764.875673460248
0.0
3366.21610439748
3344.1340299317603
3903.022697705551
4316.86588435072
4688.301345604484
5036.34298681182
0.0
2980.9436475141356
4073.036908361731
4974.457420415487
5703.126209383729
6278.653013079334
6764.88738445681
0.0
3366.218918039314
