5	7	1	1	9389.0
4	7	1	1	7165.0
3	7	1	1	7050.0
2	7	1	1	7712.0
1	7	1	1	9295.0
6	7	0	0	5302.0
5	7	0	0	5480.0
4	7	0	0	5818.0
3	7	0	0	4708.0
2	7	0	0	4122.0
1	7	0	0	5343.0
6	7	0	0	5437.0
5	7	1	0	6753.0
4	7	1	0	6513.0
3	7	1	0	7150.0
2	7	1	0	8194.0
1	7	1	0	9510.0
6	7	0	0	5028.0
5	7	0	0	6081.0
4	7	0	0	5047.0
3	7	0	0	5453.0
2	7	0	0	4620.0
1	7	0	0	4911.0
6	7	0	0	5245.0
5	7	1	0	6267.0
4	7	1	0	8120.0
3	7	1	0	7653.0
2	6	1	0	8584.0
1	6	1	0	9139.0
6	6	0	0	4739.0
5	6	0	0	4947.0
4	6	0	0	4228.0
3	6	0	0	3931.0
2	6	0	0	3934.0
1	6	0	0	4771.0
6	6	0	0	5062.0
5	6	1	0	7202.0
4	6	1	0	6002.0
3	6	1	0	7447.0
2	6	1	0	8417.0
1	6	1	0	9791.0
6	6	0	0	5153.0
5	6	0	0	4845.0
4	6	0	0	5317.0
3	6	0	0	4643.0
2	6	0	0	5135.0
1	6	0	0	5304.0
6	6	0	0	5554.0
5	6	1	0	8208.0
3	6	1	0	8994.0
2	6	1	0	8533.0
1	6	1	0	10361.0
6	5	0	0	6313.0
5	5	0	0	6475.0
4	5	0	0	5379.0
3	5	0	0	4979.0
2	5	0	0	5524.0
6	5	0	0	5445.0
5	5	1	0	6353.0
4	5	1	0	6223.0
3	5	1	0	6373.0
2	5	1	0	7577.0
1	5	1	0	8085.0
6	5	0	0	4858.0
5	5	0	0	6011.0
3	5	0	0	6568.0
2	5	0	0	4929.0
1	5	0	0	4600.0
6	5	0	0	6017.0
5	5	1	0	7096.0
4	5	1	0	6385.0
3	5	1	0	6976.0
2	5	1	0	6905.0
1	5	1	0	9922.0
6	5	0	0	7214.0
4	4	1	0	10637.0
3	4	1	0	8757.0
2	4	1	0	8123.0
1	4	1	0	8144.0
6	4	0	0	5487.0
5	4	0	0	5021.0
4	4	0	0	4888.0
3	4	0	0	4020.0
2	4	0	0	3985.0
1	4	0	0	4457.0
6	4	0	0	5143.0
5	4	1	0	6957.0
4	4	1	0	7152.0
3	4	1	0	6286.0
2	4	1	0	7199.0
1	4	1	0	9517.0
6	4	0	0	5619.0
5	4	0	1	5319.0
4	4	0	1	5007.0
3	4	0	1	4417.0
2	4	0	1	5453.0
6	4	0	0	8063.0
4	4	1	1	9855.0
3	4	1	1	10313.0
2	3	1	1	8987.0
1	3	1	1	10456.0
6	3	0	0	5454.0
5	3	0	1	5087.0
4	3	0	1	4635.0
3	3	0	0	4639.0
2	3	0	0	4748.0
1	3	0	0	4640.0
6	3	0	0	5141.0
5	3	1	0	6933.0
4	3	1	0	6605.0
3	3	1	0	6211.0
2	3	1	0	6970.0
1	3	1	0	9038.0
6	3	0	0	4730.0
5	3	0	0	5220.0
4	3	0	0	5751.0
3	3	0	0	3902.0
2	3	0	0	4397.0
1	3	0	0	5156.0
6	3	0	0	5258.0
5	3	1	0	7150.0
4	3	1	0	7868.0
3	3	1	0	6706.0
2	3	1	0	7492.0
1	3	1	0	9120.0
6	2	0	0	6462.0
5	2	0	0	5958.0
4	2	0	0	4539.0
3	2	0	0	4313.0
2	2	0	0	4242.0
1	2	0	0	4030.0
6	2	0	0	5528.0
5	2	1	0	7729.0
4	2	1	0	6264.0
3	2	1	0	6284.0
2	2	1	0	6702.0
1	2	1	0	8607.0
6	2	0	0	5588.0
5	2	0	0	5494.0
4	2	0	0	5038.0
3	2	0	0	4528.0
2	2	0	0	4675.0
1	2	0	0	4835.0
6	2	0	0	6233.0
5	2	1	0	6693.0
4	2	1	0	6869.0
3	2	1	0	6543.0
2	2	1	0	7592.0
1	2	1	0	8442.0
6	1	0	0	6835.0
5	1	1	0	9160.0
4	1	1	0	7555.0
3	1	1	0	6849.0
2	1	1	0	7332.0
1	1	1	0	7868.0
6	1	0	0	4652.0
5	1	0	0	5064.0
4	1	0	0	4523.0
3	1	0	0	4260.0
2	1	0	0	3944.0
1	1	0	0	4706.0
6	1	0	0	5114.0
5	1	1	0	7313.0
4	1	1	0	6834.0
3	1	1	0	5814.0
2	1	1	0	7112.0
1	1	1	0	8932.0
6	1	0	0	5182.0
5	1	1	0	6082.0
4	1	1	0	6813.0
3	1	1	1	6247.0
2	1	1	1	7813.0
1	1	1	1	9196.0
6	1	0	0	4165.0
5	1	0	1	5213.0
3	12	0	1	3859.0
2	12	0	1	7064.0
1	12	0	1	6456.0
6	12	0	0	4391.0
3	12	0	1	5248.0
2	12	0	1	10740.0
1	12	0	1	11144.0
6	12	0	0	8051.0
5	12	1	0	9859.0
4	12	1	0	10458.0
3	12	1	0	9859.0
2	12	1	0	11234.0
1	12	1	0	12723.0
6	12	0	0	6220.0
5	12	0	0	6088.0
4	12	0	0	5908.0
3	12	0	0	5333.0
2	12	0	0	5120.0
1	12	0	0	5933.0
6	12	0	0	6288.0
5	12	1	0	10505.0
4	12	1	0	7705.0
3	12	1	0	7709.0
2	12	1	0	9135.0
1	12	1	0	10542.0
6	11	0	0	6728.0
5	11	1	0	9390.0
4	11	1	0	7868.0
3	11	1	0	7152.0
2	11	1	0	8094.0
1	11	1	0	9223.0
6	11	0	0	5752.0
5	11	0	0	5383.0
4	11	0	0	4769.0
3	11	0	0	4884.0
2	11	0	0	4690.0
1	11	0	0	5499.0
6	11	0	0	5439.0
5	11	1	0	6724.0
4	11	1	0	6192.0
3	11	1	0	6751.0
2	11	1	0	6864.0
1	11	1	0	8268.0
6	11	0	0	5534.0
5	11	1	0	7823.0
4	11	1	0	7460.0
3	11	1	0	7453.0
2	11	1	0	8339.0
1	11	1	0	10866.0
5	10	0	1	8174.0
4	10	0	1	6141.0
3	10	0	1	4412.0
2	10	0	1	4259.0
1	10	0	1	4605.0
6	10	0	0	4668.0
5	10	1	1	5880.0
4	10	1	1	5956.0
3	10	1	1	6217.0
2	10	1	1	6907.0
1	10	1	1	7776.0
6	10	0	0	4700.0
5	10	0	0	4942.0
4	10	0	0	5093.0
3	10	0	0	4599.0
2	10	0	0	4732.0
1	10	0	0	4526.0
6	10	0	0	5325.0
5	10	1	0	7152.0
4	10	1	0	7087.0
3	10	1	0	7061.0
2	10	1	0	9202.0
1	10	1	0	9335.0
6	10	0	0	6762.0
4	10	1	0	9102.0
3	10	1	0	8297.0
2	9	1	0	8077.0
1	9	1	0	7890.0
6	9	0	0	5056.0
5	9	0	0	4951.0
4	9	0	0	4158.0
3	9	0	0	3911.0
2	9	0	0	3956.0
1	9	0	0	4302.0
6	9	0	0	4270.0
5	9	1	0	7099.0
4	9	1	0	6066.0
3	9	1	0	6071.0
2	9	1	0	6870.0
1	9	1	0	8181.0
6	9	0	0	5059.0
5	9	0	0	4583.0
4	9	0	0	4230.0
3	9	0	0	4417.0
2	9	0	0	4133.0
1	9	0	0	5098.0
6	9	0	0	4545.0
5	9	1	1	5835.0
4	9	1	1	7645.0
3	9	1	1	6123.0
2	9	1	1	6913.0
1	9	1	1	10309.0
6	8	0	0	5369.0
5	8	0	1	5390.0
4	8	0	1	4134.0
3	8	0	1	4267.0
2	8	0	1	4189.0
1	8	0	1	4264.0
6	8	0	0	4904.0
5	8	1	1	5626.0
4	8	1	1	6801.0
3	8	1	1	7090.0
2	8	1	1	7129.0
1	8	1	1	8660.0
6	8	0	0	5063.0
5	8	0	1	4919.0
4	8	0	1	5007.0
3	8	0	1	4437.0
2	8	0	1	4984.0
1	8	0	1	4325.0
6	8	0	0	4579.0
5	8	1	1	5866.0
4	8	1	1	7089.0
3	8	1	1	7094.0
2	8	1	1	7217.0
1	8	1	1	9507.0
6	8	0	0	5113.0
5	8	1	1	7548.0
4	7	1	1	9607.0
3	7	1	1	7904.0
2	7	1	1	8015.0
1	7	1	1	9906.0
6	7	0	0	5020.0
5	7	0	0	5080.0
4	7	0	0	4670.0
3	7	0	0	4505.0
2	7	0	0	4960.0
1	7	0	0	5397.0
6	7	0	0	4639.0
5	7	1	0	7086.0
4	7	1	0	7174.0
3	7	1	0	7196.0
2	7	1	0	7442.0
1	7	1	0	8728.0
6	7	0	0	4567.0
5	7	0	0	5240.0
4	7	0	0	5183.0
3	7	0	0	4066.0
2	7	0	0	4808.0
1	7	0	0	4758.0
6	7	0	0	5487.0
5	7	1	0	6243.0
4	7	1	0	7007.0
3	7	1	0	7484.0
2	7	1	0	8491.0
1	6	1	0	11353.0
6	6	0	0	5567.0
5	6	0	0	5123.0
4	6	0	0	4098.0
3	6	0	0	4599.0
2	6	0	0	4349.0
1	6	0	0	4773.0
6	6	0	0	4441.0
5	6	1	0	7800.0
3	6	1	0	8070.0
2	6	1	0	8039.0
1	6	1	0	9084.0
6	6	0	0	5718.0
5	6	0	0	5360.0
4	6	0	0	5227.0
3	6	0	0	4819.0
2	6	0	0	5959.0
6	6	0	0	5203.0
5	6	1	0	7451.0
4	6	1	0	7528.0
3	6	1	0	7633.0
2	6	1	0	7907.0
1	6	1	0	9764.0
6	5	0	0	5738.0
5	5	0	0	7763.0
3	5	0	0	7026.0
2	5	0	0	5307.0
1	5	0	0	4319.0
6	5	0	0	4974.0
5	5	1	0	7346.0
4	5	1	0	6313.0
3	5	1	0	6333.0
2	5	1	0	7198.0
1	5	1	0	8918.0
6	5	0	0	5339.0
5	5	0	0	4519.0
4	5	0	0	4707.0
3	5	0	0	4267.0
2	5	0	0	5119.0
1	5	0	0	4637.0
6	5	0	0	6225.0
5	5	1	0	7941.0
4	5	1	0	7912.0
3	5	1	0	6800.0
2	5	1	0	8500.0
1	5	1	0	8725.0
6	5	0	0	6126.0
5	5	1	0	9078.0
3	4	1	0	10434.0
2	4	1	0	9043.0
1	4	1	0	9073.0
6	4	0	0	4789.0
5	4	0	1	4795.0
4	4	0	1	4932.0
3	4	0	1	4124.0
2	4	0	1	4601.0
6	4	0	0	8023.0
4	4	1	1	8978.0
3	4	1	1	8530.0
2	4	1	1	8931.0
1	4	1	1	10412.0
6	4	0	0	5227.0
5	4	0	0	4944.0
4	4	0	0	4855.0
3	4	0	0	4670.0
2	4	0	0	4622.0
1	4	0	0	5474.0
6	4	0	0	5624.0
5	4	1	0	6798.0
4	4	1	0	7653.0
3	4	1	0	7192.0
2	4	1	0	8141.0
1	3	1	0	9101.0
6	3	0	0	5222.0
5	3	0	0	5978.0
4	3	0	0	4209.0
3	3	0	0	3708.0
2	3	0	0	4102.0
1	3	0	0	4058.0
6	3	0	0	4787.0
5	3	1	0	6602.0
4	3	1	0	6641.0
3	3	1	0	6648.0
2	3	1	0	7099.0
1	3	1	0	9253.0
6	3	0	0	5200.0
5	3	0	0	5159.0
4	3	0	0	4709.0
3	3	0	0	3709.0
2	3	0	0	3912.0
1	3	0	0	4632.0
6	3	0	0	4870.0
5	3	1	0	7639.0
4	3	1	0	7301.0
3	3	1	0	7000.0
2	3	1	0	7408.0
1	3	1	0	9454.0
6	3	0	0	5707.0
5	2	0	0	6056.0
4	2	0	0	4785.0
3	2	0	0	4634.0
2	2	0	0	4414.0
1	2	0	0	3952.0
6	2	0	0	5661.0
5	2	1	0	6822.0
4	2	1	0	7076.0
3	2	1	0	6742.0
2	2	1	0	7629.0
1	2	1	0	9271.0
6	2	0	0	5023.0
5	2	0	0	6140.0
4	2	0	0	4275.0
3	2	0	0	4510.0
2	2	0	0	4413.0
1	2	0	0	4297.0
6	2	0	0	5568.0
5	2	1	0	8529.0
4	2	1	0	7016.0
3	2	1	0	6146.0
2	2	1	0	8672.0
1	2	1	0	9784.0
6	2	0	0	5884.0
5	1	0	0	6015.0
4	1	0	0	4973.0
3	1	0	0	4070.0
2	1	0	0	3935.0
1	1	0	0	4333.0
6	1	0	0	5077.0
5	1	1	0	6423.0
4	1	1	0	6478.0
3	1	1	0	6887.0
2	1	1	0	8099.0
1	1	1	0	10338.0
6	1	0	0	5008.0
5	1	0	0	4719.0
4	1	0	0	4455.0
3	1	0	0	4237.0
2	1	0	0	4700.0
1	1	0	0	4727.0
6	1	0	0	4915.0
5	1	1	0	7003.0
4	1	1	0	6503.0
3	1	1	0	6694.0
2	1	1	1	8241.0
1	1	1	1	10101.0
6	1	0	0	4692.0
5	1	0	1	4799.0
4	1	0	1	5483.0
2	12	0	1	4050.0
1	12	0	1	7395.0
6	12	0	0	5269.0
5	12	0	1	6490.0
2	12	0	1	5398.0
1	12	0	1	12836.0
6	12	0	0	8270.0
5	12	1	0	9955.0
4	12	1	0	10742.0
3	12	1	0	10779.0
2	12	1	0	11892.0
1	12	1	0	14315.0
6	12	0	0	5978.0
5	12	0	0	5747.0
4	12	0	0	5706.0
3	12	0	0	5542.0
2	12	0	0	5045.0
1	12	0	0	6122.0
6	12	0	0	5786.0
5	12	1	0	8027.0
4	12	1	0	9413.0
3	12	1	0	8769.0
2	12	1	0	9988.0
1	12	1	0	11533.0
6	11	0	0	6464.0
5	11	0	0	6777.0
4	11	0	0	5363.0
3	11	0	0	4650.0
2	11	0	0	5149.0
1	11	0	0	5194.0
6	11	0	0	5553.0
5	11	1	0	6693.0
4	11	1	0	6643.0
3	11	1	0	6876.0
2	11	1	0	7302.0
1	11	1	0	9700.0
6	11	0	0	5207.0
5	11	0	0	5283.0
4	11	0	0	4857.0
3	11	0	0	3851.0
2	11	0	0	4035.0
1	11	0	0	4807.0
6	11	0	0	5376.0
5	11	1	0	7397.0
4	11	1	0	7463.0
3	11	1	0	7365.0
2	11	1	0	7957.0
1	11	1	0	9630.0
6	11	0	0	6632.0
4	10	0	0	8144.0
3	10	0	0	6020.0
2	10	0	0	4895.0
1	10	0	0	4612.0
6	10	0	0	4730.0
5	10	1	0	6645.0
4	10	1	0	6899.0
3	10	1	0	5816.0
2	10	1	0	6508.0
1	10	1	0	8019.0
6	10	0	0	4490.0
5	10	0	1	4419.0
4	10	0	1	3987.0
3	10	0	1	4260.0
2	10	0	1	4183.0
1	10	0	1	4387.0
6	10	0	0	4565.0
5	10	1	1	7007.0
4	10	1	1	6593.0
3	10	1	1	6547.0
2	10	1	1	7414.0
1	10	1	1	9353.0
6	10	0	0	4576.0
5	10	0	1	6102.0
3	10	0	0	6395.0
2	10	0	0	4875.0
1	9	0	0	6047.0
6	9	0	0	5108.0
5	9	1	0	7492.0
4	9	1	0	7121.0
3	9	1	0	5862.0
2	9	1	0	6518.0
1	9	1	0	7170.0
6	9	0	0	5017.0
5	9	0	0	4597.0
4	9	0	0	4424.0
3	9	0	0	4394.0
2	9	0	0	3901.0
1	9	0	0	4514.0
6	9	0	0	4592.0
5	9	1	0	6982.0
4	9	1	0	6680.0
3	9	1	0	6447.0
2	9	1	0	7900.0
1	9	1	0	10427.0
6	9	0	0	4616.0
5	9	0	0	4736.0
4	9	0	0	4745.0
3	9	0	0	4579.0
2	9	0	0	4523.0
1	9	0	0	4621.0
6	8	0	0	5345.0
5	8	1	0	8234.0
4	8	1	0	7381.0
3	8	1	0	6706.0
2	8	1	0	7923.0
1	8	1	0	9387.0
6	8	0	0	4613.0
5	8	0	0	4532.0
4	8	0	0	4652.0
3	8	0	0	4076.0
2	8	0	0	4168.0
1	8	0	0	4668.0
6	8	0	0	4779.0
5	8	1	1	7548.0
4	8	1	1	7483.0
3	8	1	1	7175.0
2	8	1	1	8239.0
1	8	1	1	8764.0
6	8	0	0	4582.0
5	8	0	1	4654.0
4	8	0	1	5235.0
3	8	0	1	4489.0
2	8	0	1	4060.0
1	8	0	1	4612.0
6	8	0	0	5008.0
5	8	1	1	7172.0
4	8	1	1	7913.0
3	7	1	1	9026.0
2	7	1	1	8434.0
1	7	1	1	10686.0
6	7	0	0	4454.0
5	7	0	1	5170.0
4	7	0	1	4784.0
3	7	0	1	4274.0
2	7	0	1	4495.0
1	7	0	1	4265.0
6	7	0	0	5041.0
5	7	1	1	6924.0
4	7	1	1	7536.0
3	7	1	1	6525.0
2	7	1	1	7804.0
1	7	1	1	10379.0
6	7	0	0	4721.0
5	7	0	1	5072.0
4	7	0	1	5798.0
3	7	0	1	4750.0
2	7	0	1	4403.0
1	7	0	1	5524.0
6	7	0	0	4949.0
5	7	1	0	7819.0
4	7	1	0	7845.0
3	7	1	0	8508.0
2	7	1	0	7891.0
1	7	1	0	9396.0
6	6	0	0	7184.0
5	6	0	0	7396.0
4	6	0	0	5818.0
3	6	0	0	4731.0
2	6	0	0	4952.0
1	6	0	0	4673.0
6	6	0	0	5056.0
5	6	1	0	7124.0
4	6	1	0	6976.0
3	6	1	0	5638.0
2	6	1	0	7091.0
1	6	1	0	8900.0
6	6	0	0	5225.0
5	6	0	0	5498.0
4	6	0	0	4258.0
3	6	0	0	4569.0
2	6	0	0	4767.0
1	6	0	0	4845.0
6	6	0	0	5364.0
5	6	1	0	6894.0
4	6	1	0	6959.0
3	6	1	0	6447.0
2	6	1	0	7425.0
1	6	1	0	8986.0
6	6	0	0	5982.0
5	5	1	0	10574.0
3	5	1	0	9341.0
2	5	1	0	8014.0
1	5	1	0	8301.0
6	5	0	0	4737.0
5	5	0	0	5206.0
4	5	0	0	4754.0
3	5	0	0	5092.0
2	5	0	0	5209.0
6	5	0	0	5101.0
5	5	1	0	7121.0
4	5	1	0	7273.0
3	5	1	0	7261.0
2	5	1	0	7570.0
1	5	1	0	8559.0
6	5	0	0	5741.0
5	5	0	0	6227.0
3	5	0	0	7391.0
2	5	0	0	5469.0
1	5	0	0	5333.0
6	5	0	0	5105.0
5	5	1	0	8433.0
4	5	1	0	8506.0
2	4	1	0	9822.0
1	4	1	0	9372.0
6	4	0	0	5293.0
5	4	1	0	6929.0
4	4	1	0	6536.0
3	4	1	0	5766.0
2	4	1	0	6792.0
1	4	1	0	8174.0
6	4	0	0	4475.0
5	4	0	0	5178.0
4	4	0	0	4894.0
3	4	0	0	4422.0
2	4	0	0	4705.0
1	4	0	0	4772.0
6	4	0	0	5161.0
5	4	1	0	8709.0
4	4	1	0	7669.0
3	4	1	0	7533.0
2	4	1	0	8248.0
1	4	1	0	9176.0
6	4	0	0	6106.0
5	4	0	1	5570.0
4	4	0	1	6298.0
3	4	0	1	5989.0
2	4	0	1	6161.0
6	3	0	0	8154.0
4	3	1	1	10695.0
3	3	1	1	8450.0
2	3	1	1	8446.0
1	3	1	1	9070.0
6	3	0	0	4785.0
5	3	1	1	6404.0
4	3	1	1	7202.0
3	3	1	1	6101.0
2	3	1	0	8238.0
1	3	1	0	9432.0
6	3	0	0	5913.0
5	3	0	0	5232.0
4	3	0	0	4851.0
3	3	0	0	3795.0
2	3	0	0	2141.0
1	3	0	0	4079.0
6	3	0	0	5014.0
5	3	1	0	7966.0
4	3	1	0	7316.0
3	3	1	0	6712.0
2	3	1	0	7442.0
1	3	1	0	9231.0
6	3	0	0	5164.0
5	3	0	0	5895.0
4	2	0	0	8263.0
3	2	0	0	5744.0
2	2	0	0	5329.0
1	2	0	0	4438.0
6	2	0	0	4613.0
5	2	1	0	7751.0
4	2	1	0	8311.0
3	2	1	0	6771.0
2	2	1	0	7758.0
1	2	1	0	11125.0
6	2	0	0	5463.0
5	2	0	0	4802.0
4	2	0	0	6172.0
3	2	0	0	5285.0
2	2	0	0	4195.0
1	2	0	0	4382.0
6	2	0	0	5554.0
5	2	1	0	8244.0
4	2	1	0	8182.0
3	2	1	0	7004.0
2	2	1	0	8273.0
1	2	1	0	10315.0
6	2	0	0	6844.0
5	2	0	0	6453.0
4	1	0	0	6552.0
3	1	0	0	5261.0
2	1	0	0	4966.0
1	1	0	0	4366.0
6	1	0	0	5268.0
5	1	1	0	7303.0
4	1	1	0	7288.0
3	1	1	0	7917.0
2	1	1	0	7608.0
1	1	1	0	7391.0
6	1	0	0	5035.0
5	1	0	0	5776.0
4	1	0	0	5141.0
3	1	0	0	4788.0
2	1	0	0	4595.0
1	1	0	0	5145.0
6	1	0	0	5671.0
5	1	1	0	8086.0
4	1	1	0	8321.0
3	1	1	0	7834.0
2	1	1	0	9099.0
1	1	1	0	10425.0
6	1	0	0	5340.0
5	1	0	1	6190.0
4	1	0	1	5902.0
3	1	0	1	6096.0
