5	7	1	1	9674.0
4	7	1	1	6748.0
3	7	1	1	6641.0
2	7	1	1	7055.0
1	7	1	1	6973.0
6	7	0	0	5411.0
5	7	0	0	5199.0
4	7	0	0	5944.0
3	7	0	0	5416.0
2	7	0	0	5454.0
1	7	0	0	6270.0
6	7	0	0	5519.0
5	7	1	0	6550.0
4	7	1	0	6903.0
3	7	1	0	6680.0
2	7	1	0	7369.0
1	7	1	0	7730.0
6	7	0	0	5683.0
5	7	0	0	4951.0
4	7	0	0	6006.0
3	7	0	0	5288.0
2	7	0	0	5365.0
1	7	0	0	5959.0
6	7	0	0	5152.0
5	7	1	0	5869.0
4	7	1	0	5914.0
3	7	1	0	6310.0
2	6	1	0	9703.0
1	6	1	0	9392.0
6	6	0	0	5512.0
5	6	0	0	5319.0
4	6	0	0	4818.0
3	6	0	0	4878.0
2	6	0	0	5529.0
1	6	0	0	5519.0
6	6	0	0	5898.0
5	6	1	0	5922.0
4	6	1	0	6166.0
3	6	1	0	6294.0
2	6	1	0	6884.0
1	6	1	0	8380.0
6	6	0	0	6842.0
5	6	0	0	5064.0
4	6	0	0	5882.0
3	6	0	0	5273.0
2	6	0	0	6040.0
1	6	0	0	6106.0
6	6	0	0	5331.0
5	6	1	0	7532.0
3	6	1	0	7393.0
2	6	1	0	7716.0
1	6	1	0	6813.0
6	5	0	0	7724.0
5	5	0	0	8598.0
4	5	0	0	5924.0
3	5	0	0	5873.0
2	5	0	0	6535.0
6	5	0	0	5419.0
5	5	1	0	6403.0
4	5	1	0	6106.0
3	5	1	0	5842.0
2	5	1	0	7335.0
1	5	1	0	7888.0
6	5	0	0	6349.0
5	5	0	0	6753.0
3	5	0	0	5897.0
2	5	0	0	5274.0
1	5	0	0	6187.0
6	5	0	0	5824.0
5	5	1	0	6510.0
4	5	1	0	6810.0
3	5	1	0	6939.0
2	5	1	0	7540.0
1	5	1	0	8282.0
6	5	0	0	8402.0
4	4	1	0	9585.0
3	4	1	0	7504.0
2	4	1	0	6976.0
1	4	1	0	6562.0
6	4	0	0	5246.0
5	4	0	0	4979.0
4	4	0	0	5268.0
3	4	0	0	5270.0
2	4	0	0	4848.0
1	4	0	0	6138.0
6	4	0	0	5784.0
5	4	1	0	6928.0
4	4	1	0	6734.0
3	4	1	0	5624.0
2	4	1	0	6815.0
1	4	1	0	7103.0
6	4	0	0	5130.0
5	4	0	1	4934.0
4	4	0	1	5728.0
3	4	0	1	5625.0
2	4	0	1	6844.0
6	4	0	1	6809.0
4	4	1	1	8076.0
3	4	1	1	7083.0
2	3	1	1	9189.0
1	3	1	1	9183.0
6	3	0	0	5504.0
5	3	0	0	5398.0
4	3	0	0	4839.0
3	3	0	0	5215.0
2	3	0	0	5673.0
1	3	0	0	6148.0
6	3	0	0	4843.0
5	3	1	0	6504.0
4	3	1	0	7183.0
3	3	1	0	6334.0
2	3	1	0	7349.0
1	3	1	0	8489.0
6	3	0	0	6197.0
5	3	0	0	5309.0
4	3	0	0	5724.0
3	3	0	0	5509.0
2	3	0	0	5645.0
1	3	0	0	5673.0
6	3	0	0	6335.0
5	3	1	0	6268.0
4	3	1	0	6813.0
3	3	1	0	6751.0
2	3	1	0	7578.0
1	3	1	0	8994.0
6	2	0	0	7143.0
5	2	0	0	6653.0
4	2	0	0	5852.0
3	2	0	0	4801.0
2	2	0	0	4526.0
1	2	0	0	4442.0
6	2	0	0	4911.0
5	2	1	0	6013.0
4	2	1	0	6161.0
3	2	1	0	5948.0
2	2	1	0	5874.0
1	2	1	0	6949.0
6	2	0	0	5299.0
5	2	0	0	5196.0
4	2	0	0	5068.0
3	2	0	0	4846.0
2	2	0	0	4801.0
1	2	0	0	5549.0
6	2	0	0	5286.0
5	2	1	0	6106.0
4	2	1	0	6337.0
3	2	1	0	6202.0
2	2	1	0	7471.0
1	2	1	0	8519.0
6	1	0	0	6172.0
5	1	1	0	8018.0
4	1	1	0	5955.0
3	1	1	0	5505.0
2	1	1	0	6734.0
1	1	1	0	6111.0
6	1	0	0	5057.0
5	1	0	0	4575.0
4	1	0	0	4943.0
3	1	0	0	4183.0
2	1	0	0	4702.0
1	1	0	0	5822.0
6	1	0	0	5102.0
5	1	1	0	5519.0
4	1	1	0	6247.0
3	1	1	0	5466.0
2	1	1	0	6647.0
1	1	1	0	7106.0
6	1	0	0	5307.0
5	1	1	1	5405.0
4	1	1	1	5671.0
3	1	1	1	6113.0
2	1	1	1	6646.0
1	1	1	1	6909.0
6	1	0	1	3977.0
5	1	0	1	5206.0
3	12	0	1	3853.0
2	12	0	1	7885.0
1	12	0	1	8568.0
6	12	0	1	5405.0
3	12	0	1	4877.0
2	12	0	1	9603.0
1	12	0	1	9106.0
6	12	0	0	8445.0
5	12	1	0	8177.0
4	12	1	0	8477.0
3	12	1	0	7739.0
2	12	1	0	8256.0
1	12	1	0	9694.0
6	12	0	0	6464.0
5	12	0	0	6195.0
4	12	0	0	5302.0
3	12	0	0	5176.0
2	12	0	0	6228.0
1	12	0	0	6264.0
6	12	0	0	7296.0
5	12	1	0	7423.0
4	12	1	0	7658.0
3	12	1	0	6522.0
2	12	1	0	7000.0
1	12	1	0	8134.0
6	11	0	0	6924.0
5	11	1	0	8388.0
4	11	1	0	7029.0
3	11	1	0	6275.0
2	11	1	0	7828.0
1	11	1	0	8162.0
6	11	0	0	5834.0
5	11	0	0	4829.0
4	11	0	0	4662.0
3	11	0	0	5669.0
2	11	0	0	5327.0
1	11	0	0	6052.0
6	11	0	0	5411.0
5	11	1	0	6276.0
4	11	1	0	6162.0
3	11	1	0	5516.0
2	11	1	0	6779.0
1	11	1	0	6673.0
6	11	0	0	5448.0
5	11	1	0	6856.0
4	11	1	0	6731.0
3	11	1	0	5996.0
2	11	1	0	7208.0
1	11	1	0	8124.0
6	11	0	0	6347.0
5	10	0	1	6692.0
4	10	0	1	6166.0
3	10	0	1	4998.0
2	10	0	1	5753.0
1	10	0	1	5185.0
6	10	0	1	5331.0
5	10	1	1	5775.0
4	10	1	1	6656.0
3	10	1	1	5202.0
2	10	1	1	6994.0
1	10	1	1	7020.0
6	10	0	0	5610.0
5	10	0	0	4985.0
4	10	0	0	5404.0
3	10	0	0	5176.0
2	10	0	0	5396.0
1	10	0	0	5583.0
6	10	0	0	5982.0
5	10	1	0	6636.0
4	10	1	0	5811.0
3	10	1	0	5492.0
2	10	1	0	6957.0
1	10	1	0	7429.0
6	10	0	0	6309.0
4	10	1	0	7480.0
3	10	1	0	6665.0
2	9	1	0	9155.0
1	9	1	0	7853.0
6	9	0	0	5913.0
5	9	0	0	4835.0
4	9	0	0	4861.0
3	9	0	0	4743.0
2	9	0	0	5453.0
1	9	0	0	5418.0
6	9	0	0	5315.0
5	9	1	0	5917.0
4	9	1	0	5859.0
3	9	1	0	6003.0
2	9	1	0	6870.0
1	9	1	0	8438.0
6	9	0	0	5379.0
5	9	0	0	4201.0
4	9	0	0	4564.0
3	9	0	0	5178.0
2	9	0	0	5375.0
1	9	0	0	6192.0
6	9	0	0	5777.0
5	9	1	1	5926.0
4	9	1	1	6114.0
3	9	1	1	6147.0
2	9	1	1	7566.0
1	9	1	1	8023.0
6	8	0	1	5169.0
5	8	0	1	6321.0
4	8	0	1	5063.0
3	8	0	1	5352.0
2	8	0	1	4056.0
1	8	0	1	5064.0
6	8	0	1	4416.0
5	8	1	1	5159.0
4	8	1	1	6462.0
3	8	1	1	5624.0
2	8	1	1	6758.0
1	8	1	1	7003.0
6	8	0	1	5153.0
5	8	0	1	4364.0
4	8	0	1	5388.0
3	8	0	1	4583.0
2	8	0	1	5713.0
1	8	0	1	5596.0
6	8	0	1	5185.0
5	8	1	1	5580.0
4	8	1	1	5510.0
3	8	1	1	7021.0
2	8	1	1	8117.0
1	8	1	1	8423.0
6	8	0	1	5575.0
5	8	1	1	7373.0
4	7	1	0	8889.0
3	7	1	1	7012.0
2	7	1	1	5765.0
1	7	1	1	7443.0
6	7	0	0	6100.0
5	7	0	0	5729.0
4	7	0	0	6019.0
3	7	0	0	5144.0
2	7	0	0	5973.0
1	7	0	0	5936.0
6	7	0	0	5813.0
5	7	1	0	6761.0
4	7	1	0	7514.0
3	7	1	0	6893.0
2	7	1	0	7964.0
1	7	1	0	7972.0
6	7	0	0	5991.0
5	7	0	0	5080.0
4	7	0	0	5236.0
3	7	0	0	4215.0
2	7	0	0	5208.0
1	7	0	0	5957.0
6	7	0	0	5982.0
5	7	1	0	6512.0
4	7	1	0	6865.0
3	7	1	0	7057.0
2	7	1	0	7552.0
1	6	1	0	11592.0
6	6	0	0	6597.0
5	6	0	0	6117.0
4	6	0	0	4953.0
3	6	0	0	5520.0
2	6	0	0	4518.0
1	6	0	0	5979.0
6	6	0	0	5704.0
5	6	1	0	8134.0
3	6	1	0	6653.0
2	6	1	0	7545.0
1	6	1	0	7772.0
6	6	0	0	5570.0
5	6	0	0	5345.0
4	6	0	0	5344.0
3	6	0	0	5682.0
2	6	0	0	6282.0
6	6	0	0	6251.0
5	6	1	0	6275.0
4	6	1	0	6901.0
3	6	1	0	6288.0
2	6	1	0	7155.0
1	6	1	0	8293.0
6	5	0	0	6485.0
5	5	0	0	8137.0
3	5	0	0	6534.0
2	5	0	0	5459.0
1	5	0	0	5064.0
6	5	0	0	5159.0
5	5	1	0	6426.0
4	5	1	0	5843.0
3	5	1	0	6214.0
2	5	1	0	6866.0
1	5	1	0	8176.0
6	5	0	0	5588.0
5	5	0	0	5918.0
4	5	0	0	5733.0
3	5	0	0	5296.0
2	5	0	0	5839.0
1	5	0	0	5686.0
6	5	0	0	5861.0
5	5	1	0	6178.0
4	5	1	0	6632.0
3	5	1	0	6625.0
2	5	1	0	7119.0
1	5	1	0	8360.0
6	5	0	0	5826.0
5	5	1	0	8801.0
3	4	1	0	9247.0
2	4	1	0	7198.0
1	4	1	0	7739.0
6	4	0	0	4382.0
5	4	0	1	4854.0
4	4	0	1	5125.0
3	4	0	1	5255.0
2	4	0	1	6154.0
6	4	0	1	7269.0
4	4	1	1	9462.0
3	4	1	1	10418.0
2	4	1	1	8102.0
1	4	1	1	8969.0
6	4	0	0	5838.0
5	4	0	0	5541.0
4	4	0	0	5796.0
3	4	0	0	5383.0
2	4	0	0	5647.0
1	4	0	0	5840.0
6	4	0	0	5899.0
5	4	1	0	6520.0
4	4	1	0	7290.0
3	4	1	0	5836.0
2	4	1	0	6874.0
1	3	1	0	10683.0
6	3	0	0	6412.0
5	3	0	0	5660.0
4	3	0	0	4977.0
3	3	0	0	4469.0
2	3	0	0	5116.0
1	3	0	0	5475.0
6	3	0	0	5581.0
5	3	1	0	5694.0
4	3	1	0	6105.0
3	3	1	0	5450.0
2	3	1	0	7172.0
1	3	1	0	7611.0
6	3	0	0	5434.0
5	3	0	0	5087.0
4	3	0	0	4888.0
3	3	0	0	4849.0
2	3	0	0	4997.0
1	3	0	0	5674.0
6	3	0	0	5644.0
5	3	1	0	6585.0
4	3	1	0	6515.0
3	3	1	0	7122.0
2	3	1	0	7359.0
1	3	1	0	8902.0
6	3	0	0	5830.0
5	2	0	0	6509.0
4	2	0	0	5701.0
3	2	0	0	4218.0
2	2	0	0	4999.0
1	2	0	0	5723.0
6	2	0	0	5445.0
5	2	1	0	5645.0
4	2	1	0	6199.0
3	2	1	0	5659.0
2	2	1	0	6262.0
1	2	1	0	8205.0
6	2	0	0	5591.0
5	2	0	0	5376.0
4	2	0	0	4336.0
3	2	0	0	5240.0
2	2	0	0	4868.0
1	2	0	0	5666.0
6	2	0	0	5627.0
5	2	1	0	6203.0
4	2	1	0	6884.0
3	2	1	0	6439.0
2	2	1	0	7467.0
1	2	1	0	8492.0
6	2	0	0	6575.0
5	1	0	0	6494.0
4	1	0	0	5852.0
3	1	0	0	4584.0
2	1	0	0	4909.0
1	1	0	0	5824.0
6	1	0	0	5261.0
5	1	1	0	5416.0
4	1	1	0	5613.0
3	1	1	0	5972.0
2	1	1	0	6661.0
1	1	1	0	7123.0
6	1	0	0	5377.0
5	1	0	0	5016.0
4	1	0	0	5570.0
3	1	0	0	5085.0
2	1	0	0	5194.0
1	1	0	0	4965.0
6	1	0	0	5483.0
5	1	1	1	6248.0
4	1	1	1	6244.0
3	1	1	1	6311.0
2	1	1	1	7045.0
1	1	1	1	7563.0
6	1	0	1	5631.0
5	1	0	1	5298.0
4	1	0	1	5872.0
2	12	0	1	4379.0
1	12	0	1	8603.0
6	12	0	1	6289.0
5	12	0	1	7528.0
2	12	0	1	4706.0
1	12	0	1	10283.0
6	12	0	0	8331.0
5	12	1	0	9368.0
4	12	1	0	8702.0
3	12	1	0	8234.0
2	12	1	0	9291.0
1	12	1	0	10361.0
6	12	0	0	6565.0
5	12	0	0	5934.0
4	12	0	0	6163.0
3	12	0	0	5680.0
2	12	0	0	5854.0
1	12	0	0	6481.0
6	12	0	0	6605.0
5	12	1	0	6832.0
4	12	1	0	8341.0
3	12	1	0	7202.0
2	12	1	0	8277.0
1	12	1	0	9751.0
6	11	0	0	7949.0
5	11	0	0	6298.0
4	11	0	0	5860.0
3	11	0	0	4677.0
2	11	0	0	5586.0
1	11	0	0	6184.0
6	11	0	0	5391.0
5	11	1	0	6239.0
4	11	1	0	5673.0
3	11	1	0	5658.0
2	11	1	0	6903.0
1	11	1	0	7277.0
6	11	0	0	5257.0
5	11	0	0	5395.0
4	11	0	0	4617.0
3	11	0	0	4787.0
2	11	0	0	5062.0
1	11	0	0	5631.0
6	11	0	0	5934.0
5	11	1	0	5636.0
4	11	1	0	6225.0
3	11	1	0	5572.0
2	11	1	0	8561.0
1	11	1	0	8498.0
6	11	0	0	5587.0
5	11	0	0	6102.0
4	10	0	0	6158.0
3	10	0	0	5360.0
2	10	0	0	4927.0
1	10	0	0	5099.0
6	10	0	0	5339.0
5	10	1	1	6080.0
4	10	1	1	5913.0
3	10	1	1	5381.0
2	10	1	1	6449.0
1	10	1	1	7741.0
6	10	0	1	4872.0
5	10	0	1	4466.0
4	10	0	1	5754.0
3	10	0	1	4408.0
2	10	0	1	5092.0
1	10	0	1	5648.0
6	10	0	0	5141.0
5	10	1	0	5868.0
4	10	1	0	6394.0
3	10	1	0	6396.0
2	10	1	0	7588.0
1	10	1	0	8561.0
6	10	0	0	4345.0
5	10	0	0	6320.0
3	10	0	0	5922.0
2	10	0	0	5552.0
1	9	0	0	8305.0
6	9	0	0	6142.0
5	9	1	0	6771.0
4	9	1	0	5563.0
3	9	1	0	5457.0
2	9	1	0	6984.0
1	9	1	0	7164.0
6	9	0	0	5291.0
5	9	0	0	4576.0
4	9	0	0	4552.0
3	9	0	0	3540.0
2	9	0	0	4795.0
1	9	0	0	5019.0
6	9	0	0	4915.0
5	9	1	0	6517.0
4	9	1	0	6608.0
3	9	1	0	5501.0
2	9	1	0	7499.0
1	9	1	0	7579.0
6	9	0	0	4396.0
5	9	0	0	4840.0
4	9	0	0	5016.0
3	9	0	0	4924.0
2	9	0	0	5758.0
1	9	0	0	6412.0
6	8	0	0	6522.0
5	8	1	0	7342.0
4	8	1	0	6412.0
3	8	1	0	6773.0
2	8	1	0	6041.0
1	8	1	0	7227.0
6	8	0	0	4504.0
5	8	0	0	4717.0
4	8	0	0	4918.0
3	8	0	0	4537.0
2	8	0	0	4877.0
1	8	0	0	5822.0
6	8	0	0	5305.0
5	8	1	1	6400.0
4	8	1	1	7501.0
3	8	1	1	6865.0
2	8	1	1	7340.0
1	8	1	1	7383.0
6	8	0	1	4821.0
5	8	0	1	5788.0
4	8	0	1	5174.0
3	8	0	1	4957.0
2	8	0	1	5049.0
1	8	0	1	5992.0
6	8	0	1	5891.0
5	8	1	1	5694.0
4	8	1	1	7458.0
3	7	1	1	8613.0
2	7	1	1	8916.0
1	7	1	1	7188.0
6	7	0	1	4106.0
5	7	0	1	4411.0
4	7	0	1	4793.0
3	7	0	1	4710.0
2	7	0	1	6008.0
1	7	0	1	5011.0
6	7	0	1	5405.0
5	7	1	1	6425.0
4	7	1	1	6611.0
3	7	1	1	6778.0
2	7	1	1	6951.0
1	7	1	1	9472.0
6	7	0	1	5565.0
5	7	0	1	6099.0
4	7	0	1	5733.0
3	7	0	1	5103.0
2	7	0	1	5283.0
1	7	0	1	6768.0
6	7	0	1	6731.0
5	7	1	0	7102.0
4	7	1	0	8913.0
3	7	1	0	6097.0
2	7	1	0	7708.0
1	7	1	0	8100.0
6	6	0	0	7535.0
5	6	0	0	6799.0
4	6	0	0	5685.0
3	6	0	0	5437.0
2	6	0	0	5101.0
1	6	0	0	6148.0
6	6	0	0	6055.0
5	6	1	0	6858.0
4	6	1	0	6271.0
3	6	1	0	5248.0
2	6	1	0	5685.0
1	6	1	0	7932.0
6	6	0	0	5787.0
5	6	0	0	5723.0
4	6	0	0	5677.0
3	6	0	0	4908.0
2	6	0	0	5921.0
1	6	0	0	5942.0
6	6	0	0	5318.0
5	6	1	0	6546.0
4	6	1	0	6717.0
3	6	1	0	6466.0
2	6	1	0	6982.0
1	6	1	0	8627.0
6	6	0	0	7092.0
5	5	1	0	9395.0
3	5	1	0	6850.0
2	5	1	0	7762.0
1	5	1	0	7147.0
6	5	0	0	5359.0
5	5	0	0	4920.0
4	5	0	0	5158.0
3	5	0	0	4998.0
2	5	0	0	6994.0
6	5	0	0	6120.0
5	5	1	0	6670.0
4	5	1	0	7058.0
3	5	1	0	6313.0
2	5	1	0	8387.0
1	5	1	0	7810.0
6	5	0	0	6118.0
5	5	0	0	6814.0
3	5	0	0	6340.0
2	5	0	0	6317.0
1	5	0	0	6402.0
6	5	0	0	6065.0
5	5	1	0	7683.0
4	5	1	0	9128.0
2	4	1	0	9972.0
1	4	1	0	8175.0
6	4	0	0	5344.0
5	4	1	0	5314.0
4	4	1	0	6250.0
3	4	1	0	5830.0
2	4	1	0	7220.0
1	4	1	0	8206.0
6	4	0	0	5348.0
5	4	0	0	5363.0
4	4	0	0	5182.0
3	4	0	0	4978.0
2	4	0	0	5522.0
1	4	0	0	5732.0
6	4	0	0	6362.0
5	4	1	0	6497.0
4	4	1	0	6969.0
3	4	1	0	6004.0
2	4	1	0	6623.0
1	4	1	0	8718.0
6	4	0	0	5457.0
5	4	0	1	5438.0
4	4	0	1	5720.0
3	4	0	1	5244.0
2	4	0	1	6839.0
6	3	0	0	9249.0
4	3	1	1	10119.0
3	3	1	1	8278.0
2	3	1	1	8283.0
1	3	1	1	7731.0
6	3	0	0	5977.0
5	3	1	0	7077.0
4	3	1	0	7063.0
3	3	1	0	6251.0
2	3	1	0	6781.0
1	3	1	0	8452.0
6	3	0	0	6503.0
5	3	0	0	6024.0
4	3	0	0	5314.0
3	3	0	0	5304.0
2	3	0	0	3581.0
1	3	0	0	5447.0
6	3	0	0	6017.0
5	3	1	0	6574.0
4	3	1	0	6766.0
3	3	1	0	6600.0
2	3	1	0	7727.0
1	3	1	0	9295.0
6	3	0	0	7148.0
5	3	0	0	5777.0
4	2	0	0	6568.0
3	2	0	0	5178.0
2	2	0	0	4994.0
1	2	0	0	5157.0
6	2	0	0	5377.0
5	2	1	0	5955.0
4	2	1	0	6415.0
3	2	1	0	6923.0
2	2	1	0	6356.0
1	2	1	0	8329.0
6	2	0	0	5187.0
5	2	0	0	5071.0
4	2	0	0	5549.0
3	2	0	0	5343.0
2	2	0	0	5065.0
1	2	0	0	5096.0
6	2	0	0	5744.0
5	2	1	0	6209.0
4	2	1	0	7471.0
3	2	1	0	5927.0
2	2	1	0	7886.0
1	2	1	0	8107.0
6	2	0	0	6345.0
5	2	0	0	6101.0
4	1	0	0	6752.0
3	1	0	0	5372.0
2	1	0	0	5047.0
1	1	0	0	5182.0
6	1	0	0	5588.0
5	1	1	0	5773.0
4	1	1	0	6212.0
3	1	1	0	5813.0
2	1	1	0	6402.0
1	1	1	0	6352.0
6	1	0	0	5410.0
5	1	0	0	4834.0
4	1	0	0	4647.0
3	1	0	0	4947.0
2	1	0	0	5682.0
1	1	0	0	5891.0
6	1	0	0	5909.0
5	1	1	1	6445.0
4	1	1	1	7431.0
3	1	1	1	6269.0
2	1	1	1	6789.0
1	1	1	1	7756.0
6	1	0	1	5390.0
5	1	0	1	5477.0
4	1	0	1	5214.0
3	1	0	1	5296.0
