5	7	1	1	9512.0
4	7	1	1	7836.0
3	7	1	1	7584.0
2	7	1	1	7808.0
1	7	1	1	9787.0
6	7	0	0	4252.0
5	7	0	1	6376.0
4	7	0	1	6592.0
3	7	0	1	5637.0
2	7	0	1	5982.0
1	7	0	1	6837.0
6	7	0	0	5103.0
5	7	1	1	7989.0
4	7	1	1	8007.0
3	7	1	0	8617.0
2	7	1	0	8979.0
1	7	1	0	10514.0
6	7	0	0	4383.0
5	7	0	0	6760.0
4	7	0	0	6962.0
3	7	0	0	6581.0
2	7	0	0	5714.0
1	7	0	0	6913.0
6	7	0	0	4601.0
5	7	1	0	8548.0
4	7	1	0	8276.0
3	7	1	0	8696.0
2	6	1	0	9696.0
1	6	1	0	10034.0
6	6	0	0	5018.0
5	6	0	0	6829.0
4	6	0	0	5637.0
3	6	0	0	5573.0
2	6	0	0	5083.0
1	6	0	0	5982.0
6	6	0	0	4774.0
5	6	1	0	8019.0
4	6	1	0	7842.0
3	6	1	0	8299.0
2	6	1	0	9459.0
1	6	1	0	10590.0
6	6	0	0	4573.0
5	6	0	0	6594.0
4	6	0	0	5438.0
3	6	0	0	6144.0
2	6	0	0	5747.0
1	6	0	0	6136.0
6	6	0	0	4456.0
5	6	1	0	8724.0
4	6	1	0	8690.0
3	6	1	0	8571.0
2	6	1	0	9027.0
1	6	1	0	10850.0
6	5	0	0	5628.0
5	5	0	0	7580.0
4	5	0	0	6621.0
3	5	0	0	6599.0
2	5	0	1	7059.0
6	5	0	0	5063.0
5	5	1	0	7811.0
4	5	1	0	7776.0
3	5	1	0	7737.0
2	5	1	0	8282.0
1	5	1	0	10329.0
6	5	0	0	4530.0
5	5	0	1	7486.0
3	5	0	0	7869.0
2	5	0	0	6085.0
1	5	0	0	6850.0
6	5	0	0	4638.0
5	5	1	0	8005.0
4	5	1	0	8554.0
3	5	1	0	8862.0
2	5	1	0	7507.0
1	5	1	0	10398.0
6	5	0	0	6708.0
4	4	1	0	10298.0
3	4	1	0	7999.0
2	4	1	0	8684.0
1	4	1	0	10187.0
6	4	0	0	4600.0
5	4	0	0	5804.0
4	4	0	0	4896.0
3	4	0	0	5744.0
2	4	0	0	4876.0
1	4	0	0	6133.0
6	4	0	0	5019.0
5	4	1	0	8354.0
4	4	1	0	7434.0
3	4	1	0	7436.0
2	4	1	0	8638.0
1	4	1	0	10315.0
6	4	0	0	4509.0
5	4	0	1	6038.0
4	4	0	1	5979.0
3	4	0	1	6053.0
2	4	0	1	7182.0
6	4	0	0	7599.0
4	4	1	1	11923.0
3	4	1	1	9905.0
2	3	1	1	10365.0
1	3	1	1	11502.0
6	3	0	0	4717.0
5	3	0	0	6490.0
4	3	0	0	5688.0
3	3	0	0	5433.0
2	3	0	0	5531.0
1	3	0	0	5948.0
6	3	0	0	4685.0
5	3	1	0	7654.0
4	3	1	0	7563.0
3	3	1	0	7611.0
2	3	1	0	8349.0
1	3	1	0	10120.0
6	3	0	0	4920.0
5	3	0	0	6303.0
4	3	0	0	5477.0
3	3	0	0	5459.0
2	3	0	0	5684.0
1	3	0	0	5408.0
6	3	0	0	4527.0
5	3	1	0	8548.0
4	3	1	0	7494.0
3	3	1	0	7477.0
2	3	1	0	8498.0
1	3	1	0	10517.0
6	2	0	0	5178.0
5	2	0	0	6839.0
4	2	0	0	5327.0
3	2	0	0	5422.0
2	2	0	0	5595.0
1	2	0	0	5891.0
6	2	0	0	4719.0
5	2	1	0	8310.0
4	2	1	0	8351.0
3	2	1	0	8087.0
2	2	1	0	8529.0
1	2	1	0	10542.0
6	2	0	0	5281.0
5	2	0	0	7532.0
4	2	0	0	6382.0
3	2	0	0	6003.0
2	2	0	0	6175.0
1	2	0	0	6516.0
6	2	0	0	4877.0
5	2	1	1	8782.0
4	2	1	1	7847.0
3	2	1	1	6994.0
2	2	1	1	8402.0
1	2	1	1	9133.0
6	1	0	0	5662.0
5	1	1	0	8590.0
4	1	1	0	8337.0
3	1	1	0	8034.0
2	1	1	0	7617.0
1	1	1	0	9243.0
6	1	0	0	5791.0
5	1	0	0	6350.0
4	1	0	0	5733.0
3	1	0	0	5678.0
2	1	0	0	5304.0
1	1	0	0	6441.0
6	1	0	0	5823.0
5	1	1	0	8443.0
4	1	1	0	7306.0
3	1	1	0	8465.0
2	1	1	0	8597.0
1	1	1	0	9278.0
6	1	0	0	5365.0
5	1	1	0	7282.0
4	1	1	0	7760.0
3	1	1	0	8096.0
2	1	1	0	9233.0
1	1	1	0	9563.0
6	1	0	0	5429.0
5	1	0	1	8062.0
3	12	0	1	3413.0
2	12	0	1	8604.0
1	12	0	1	7857.0
6	12	0	0	6104.0
3	12	0	1	4299.0
2	12	0	1	13261.0
1	12	0	1	11710.0
6	12	0	0	8561.0
5	12	1	0	10511.0
4	12	1	0	10864.0
3	12	1	0	11214.0
2	12	1	0	12001.0
1	12	1	0	13892.0
6	12	0	0	6604.0
5	12	0	0	7603.0
4	12	0	0	7186.0
3	12	0	0	6522.0
2	12	0	0	7415.0
1	12	0	0	7265.0
6	12	0	0	6809.0
5	12	1	0	11627.0
4	12	1	0	9791.0
3	12	1	0	10394.0
2	12	1	0	10301.0
1	12	1	0	11211.0
6	11	0	0	7516.0
5	11	1	0	11034.0
4	11	1	0	9139.0
3	11	1	0	8817.0
2	11	1	0	9342.0
1	11	1	0	9649.0
6	11	0	0	5443.0
5	11	0	0	7236.0
4	11	0	0	6585.0
3	11	0	0	6135.0
2	11	0	0	6314.0
1	11	0	0	7204.0
6	11	0	0	5538.0
5	11	1	0	8904.0
4	11	1	0	7668.0
3	11	1	0	8227.0
2	11	1	0	8304.0
1	11	1	0	8568.0
6	11	0	0	5274.0
5	11	1	0	7898.0
4	11	1	0	7590.0
3	11	1	0	8078.0
2	11	1	0	9261.0
1	11	1	0	9728.0
6	11	0	0	4672.0
5	10	0	1	8764.0
4	10	0	1	5737.0
3	10	0	1	5989.0
2	10	0	1	5062.0
1	10	0	1	5954.0
6	10	0	0	4397.0
5	10	1	1	7774.0
4	10	1	1	7173.0
3	10	1	1	6809.0
2	10	1	1	8435.0
1	10	1	1	9299.0
6	10	0	0	5176.0
5	10	0	0	7521.0
4	10	0	0	6775.0
3	10	0	0	6368.0
2	10	0	0	6396.0
1	10	0	0	6503.0
6	10	0	0	5723.0
5	10	1	0	9199.0
4	10	1	0	8305.0
3	10	1	0	7908.0
2	10	1	0	9069.0
1	10	1	0	10436.0
6	10	0	0	5522.0
4	10	1	0	9688.0
3	10	1	0	9951.0
2	9	1	0	9906.0
1	9	1	0	9612.0
6	9	0	0	4807.0
5	9	0	0	6428.0
4	9	0	0	5864.0
3	9	0	0	5613.0
2	9	0	0	6471.0
1	9	0	0	6595.0
6	9	0	0	4910.0
5	9	1	0	8982.0
4	9	1	0	7822.0
3	9	1	0	7709.0
2	9	1	0	9322.0
1	9	1	0	10574.0
6	9	0	0	5341.0
5	9	0	0	6733.0
4	9	0	0	6513.0
3	9	0	0	5583.0
2	9	0	0	5778.0
1	9	0	0	6960.0
6	9	0	0	4992.0
5	9	1	0	8710.0
4	9	1	0	8305.0
3	9	1	0	8643.0
2	9	1	0	8184.0
1	9	1	0	11927.0
6	8	0	0	5024.0
5	8	0	0	7251.0
4	8	0	0	5354.0
3	8	0	0	5815.0
2	8	0	0	5667.0
1	8	0	0	6741.0
6	8	0	0	4862.0
5	8	1	1	8667.0
4	8	1	1	7687.0
3	8	1	1	8840.0
2	8	1	1	9549.0
1	8	1	1	10304.0
6	8	0	0	5139.0
5	8	0	1	6846.0
4	8	0	1	6199.0
3	8	0	1	6546.0
2	8	0	1	6558.0
1	8	0	1	6344.0
6	8	0	0	4897.0
5	8	1	1	7586.0
4	8	1	1	7679.0
3	8	1	1	8365.0
2	8	1	1	8545.0
1	8	1	1	10745.0
6	8	0	0	5535.0
5	8	1	1	8736.0
4	7	1	1	8989.0
3	7	1	1	9327.0
2	7	1	1	8816.0
1	7	1	1	10581.0
6	7	0	0	4524.0
5	7	0	1	6636.0
4	7	0	1	6098.0
3	7	0	1	5774.0
2	7	0	1	6059.0
1	7	0	1	6986.0
6	7	0	0	4877.0
5	7	1	1	7874.0
4	7	1	1	8605.0
3	7	1	1	8238.0
2	7	1	1	9053.0
1	7	1	1	9894.0
6	7	0	0	5727.0
5	7	0	1	7761.0
4	7	0	1	7196.0
3	7	0	1	6202.0
2	7	0	0	6361.0
1	7	0	0	7062.0
6	7	0	0	5870.0
5	7	1	0	7268.0
4	7	1	0	7961.0
3	7	1	0	9492.0
2	7	1	0	9813.0
1	6	1	0	12421.0
6	6	0	0	5018.0
5	6	0	0	6847.0
4	6	0	0	5830.0
3	6	0	0	5931.0
2	6	0	0	6068.0
1	6	0	0	6737.0
6	6	0	0	4956.0
5	6	1	0	8251.0
4	6	1	0	8175.0
3	6	1	0	8490.0
2	6	1	0	9135.0
1	6	1	0	10314.0
6	6	0	0	5440.0
5	6	0	0	7932.0
4	6	0	0	8103.0
3	6	0	0	6483.0
2	6	0	0	7166.0
6	6	0	0	5758.0
5	6	1	0	9094.0
4	6	1	0	8818.0
3	6	1	0	9487.0
2	6	1	0	10255.0
1	6	1	0	11555.0
6	5	0	0	5746.0
5	5	0	1	9501.0
3	5	0	0	8605.0
2	5	0	0	6472.0
1	5	0	0	6996.0
6	5	0	0	5697.0
5	5	1	0	8839.0
4	5	1	0	7788.0
3	5	1	0	7888.0
2	5	1	0	8509.0
1	5	1	0	10848.0
6	5	0	0	4848.0
5	5	0	0	6601.0
4	5	0	0	6508.0
3	5	0	0	6152.0
2	5	0	0	6481.0
1	5	0	0	6775.0
6	5	0	0	5503.0
5	5	1	0	9219.0
4	5	1	0	8467.0
3	5	1	0	9287.0
2	5	1	0	9599.0
1	5	1	0	11309.0
6	5	0	0	5397.0
5	5	1	1	11038.0
3	4	1	0	10429.0
2	4	1	0	9827.0
1	4	1	0	9535.0
6	4	0	0	4472.0
5	4	0	1	6177.0
4	4	0	1	5954.0
3	4	0	1	5842.0
2	4	0	1	6794.0
6	4	0	0	6675.0
4	4	1	1	11104.0
3	4	1	1	10067.0
2	4	1	1	10959.0
1	4	1	1	13261.0
6	4	0	0	4735.0
5	4	0	0	7454.0
4	4	0	0	7098.0
3	4	0	0	6287.0
2	4	0	0	5730.0
1	4	0	0	6077.0
6	4	0	0	5307.0
5	4	1	0	8519.0
4	4	1	0	8048.0
3	4	1	0	9212.0
2	4	1	0	10151.0
1	3	1	0	10538.0
6	3	0	0	4816.0
5	3	0	0	6363.0
4	3	0	0	5433.0
3	3	0	0	5426.0
2	3	0	0	5287.0
1	3	0	0	5340.0
6	3	0	0	4715.0
5	3	1	0	7439.0
4	3	1	0	7012.0
3	3	1	0	8069.0
2	3	1	0	8510.0
1	3	1	0	9900.0
6	3	0	0	5356.0
5	3	0	0	6663.0
4	3	0	0	5997.0
3	3	0	0	5416.0
2	3	0	0	5916.0
1	3	0	0	5509.0
6	3	0	0	4696.0
5	3	1	0	8700.0
4	3	1	0	8847.0
3	3	1	0	8565.0
2	3	1	0	9491.0
1	3	1	0	12912.0
6	3	0	0	6121.0
5	2	0	0	7194.0
4	2	0	0	5703.0
3	2	0	0	5459.0
2	2	0	0	5753.0
1	2	0	0	6551.0
6	2	0	0	5107.0
5	2	1	0	8279.0
4	2	1	0	8252.0
3	2	1	0	8455.0
2	2	1	0	8515.0
1	2	1	0	10642.0
6	2	0	0	5281.0
5	2	0	0	7190.0
4	2	0	0	6356.0
3	2	0	0	6317.0
2	2	0	0	6202.0
1	2	0	0	6610.0
6	2	0	0	5029.0
5	2	1	1	8612.0
4	2	1	1	7970.0
3	2	1	1	8836.0
2	2	1	1	9467.0
1	2	1	1	12470.0
6	2	0	0	6152.0
5	1	0	0	8412.0
4	1	0	0	6467.0
3	1	0	0	6425.0
2	1	0	0	6602.0
1	1	0	0	4756.0
6	1	0	0	5546.0
5	1	1	0	9525.0
4	1	1	0	8904.0
3	1	1	0	9095.0
2	1	1	0	8239.0
1	1	1	0	6277.0
6	1	0	0	5533.0
5	1	0	0	6953.0
4	1	0	0	5698.0
3	1	0	0	6109.0
2	1	0	0	5827.0
1	1	0	0	5934.0
6	1	0	0	5743.0
5	1	1	0	9804.0
4	1	1	0	8591.0
3	1	1	0	9108.0
2	1	1	0	9663.0
1	1	1	0	11366.0
6	1	0	0	5748.0
5	1	0	1	7192.0
4	1	0	1	7182.0
2	12	0	1	3799.0
1	12	0	1	9969.0
6	12	0	0	5616.0
5	12	0	1	7967.0
2	12	0	1	5070.0
1	12	0	1	14528.0
6	12	0	0	9390.0
5	12	1	0	12397.0
4	12	1	0	11679.0
3	12	1	0	13497.0
2	12	1	0	13642.0
1	12	1	0	15178.0
6	12	0	0	6778.0
5	12	0	0	8135.0
4	12	0	0	6932.0
3	12	0	0	7138.0
2	12	0	0	7153.0
1	12	0	0	7363.0
6	12	0	0	6818.0
5	12	1	0	7193.0
4	12	1	0	12155.0
3	12	1	0	10114.0
2	12	1	0	11958.0
1	12	1	0	12622.0
6	11	0	0	7982.0
5	11	0	0	8236.0
4	11	0	0	7005.0
3	11	0	0	6450.0
2	11	0	0	6459.0
1	11	0	0	6784.0
6	11	0	0	5597.0
5	11	1	0	8685.0
4	11	1	0	8513.0
3	11	1	0	7830.0
2	11	1	0	9217.0
1	11	1	0	10932.0
6	11	0	0	5909.0
5	11	0	0	7050.0
4	11	0	0	5773.0
3	11	0	0	5989.0
2	11	0	0	6304.0
1	11	0	0	6127.0
6	11	0	0	5867.0
5	11	1	0	9519.0
4	11	1	0	8178.0
3	11	1	0	8600.0
2	11	1	0	9697.0
1	11	1	0	11245.0
6	11	0	0	6106.0
5	11	0	0	7141.0
4	10	0	0	8293.0
3	10	0	0	6142.0
2	10	0	0	6320.0
1	10	0	0	5715.0
6	10	0	0	4753.0
5	10	1	0	8452.0
4	10	1	0	7930.0
3	10	1	0	7957.0
2	10	1	0	8392.0
1	10	1	0	9410.0
6	10	0	0	5094.0
5	10	0	0	6321.0
4	10	0	0	5884.0
3	10	0	0	6294.0
2	10	0	0	5899.0
1	10	0	0	6000.0
6	10	0	0	5411.0
5	10	1	1	9050.0
4	10	1	1	7007.0
3	10	1	1	8371.0
2	10	1	1	8992.0
1	10	1	1	10544.0
6	10	0	0	5168.0
5	10	0	1	8357.0
3	10	0	1	7197.0
2	10	0	1	6300.0
1	9	0	1	7420.0
6	9	0	0	5140.0
5	9	1	0	9366.0
4	9	1	0	8057.0
3	9	1	0	8798.0
2	9	1	0	8494.0
1	9	1	0	10578.0
6	9	0	0	5264.0
5	9	0	0	6762.0
4	9	0	0	5735.0
3	9	0	0	5827.0
2	9	0	0	6277.0
1	9	0	0	5657.0
6	9	0	0	5353.0
5	9	1	0	8563.0
4	9	1	0	9033.0
3	9	1	0	8771.0
2	9	1	0	9475.0
1	9	1	0	12256.0
6	9	0	0	5309.0
5	9	0	0	6754.0
4	9	0	0	6347.0
3	9	0	0	6128.0
2	9	0	0	6047.0
1	9	0	0	7384.0
6	8	0	0	6330.0
5	8	1	0	9077.0
4	8	1	0	8079.0
3	8	1	0	8219.0
2	8	1	0	9628.0
1	8	1	0	10237.0
6	8	0	0	4656.0
5	8	0	0	6483.0
4	8	0	0	5962.0
3	8	0	0	7277.0
2	8	0	0	6188.0
1	8	0	0	6275.0
6	8	0	0	4667.0
5	8	1	0	8862.0
4	8	1	0	8447.0
3	8	1	0	8426.0
2	8	1	0	9697.0
1	8	1	0	11653.0
6	8	0	0	4698.0
5	8	0	0	7858.0
4	8	0	0	6194.0
3	8	0	0	7061.0
2	8	0	0	6685.0
1	8	0	0	7444.0
6	8	0	0	4886.0
5	8	1	1	9197.0
4	8	1	1	9666.0
3	7	1	1	10562.0
2	7	1	1	10292.0
1	7	1	1	11129.0
6	7	0	0	4215.0
5	7	0	1	6876.0
4	7	0	1	6245.0
3	7	0	1	6402.0
2	7	0	1	5815.0
1	7	0	1	6598.0
6	7	0	0	5244.0
5	7	1	1	8423.0
4	7	1	1	8395.0
3	7	1	1	7928.0
2	7	1	1	8968.0
1	7	1	1	11744.0
6	7	0	0	5010.0
5	7	0	1	7692.0
4	7	0	1	7034.0
3	7	0	1	6220.0
2	7	0	1	6426.0
1	7	0	1	6979.0
6	7	0	0	5200.0
5	7	1	1	9780.0
4	7	1	1	8982.0
3	7	1	1	8807.0
2	7	1	1	9993.0
1	7	1	1	12419.0
6	6	0	0	5452.0
5	6	0	1	7633.0
4	6	0	1	6961.0
3	6	0	1	7587.0
2	6	0	1	4399.0
1	6	0	1	7693.0
6	6	0	0	6105.0
5	6	1	1	10119.0
4	6	1	1	7869.0
3	6	1	1	8280.0
2	6	1	0	9424.0
1	6	1	0	12235.0
6	6	0	0	5806.0
5	6	0	0	7399.0
4	6	0	0	6307.0
3	6	0	0	6396.0
2	6	0	0	6279.0
1	6	0	0	6950.0
6	6	0	0	5695.0
5	6	1	0	9321.0
4	6	1	0	8434.0
3	6	1	0	7999.0
2	6	1	0	8811.0
1	6	1	0	9555.0
6	6	0	0	5542.0
5	5	1	0	10399.0
4	5	1	0	7899.0
3	5	1	0	9286.0
2	5	1	0	8764.0
1	5	1	0	10847.0
6	5	0	0	5603.0
5	5	0	0	7178.0
4	5	0	0	6656.0
3	5	0	0	6358.0
2	5	0	1	7966.0
6	5	0	0	5683.0
5	5	1	0	8725.0
4	5	1	0	8704.0
3	5	1	0	8649.0
2	5	1	0	8397.0
1	5	1	0	10010.0
6	5	0	0	5454.0
5	5	0	1	8375.0
3	5	0	0	8276.0
2	5	0	0	7444.0
1	5	0	0	7287.0
6	5	0	0	5240.0
5	5	1	0	9417.0
4	5	1	0	10915.0
2	4	1	0	10113.0
1	4	1	0	9827.0
6	4	0	0	5244.0
5	4	1	0	8131.0
4	4	1	0	7875.0
3	4	1	0	8138.0
2	4	1	0	8758.0
1	4	1	0	9404.0
6	4	0	0	4825.0
5	4	0	0	7183.0
4	4	0	0	6003.0
3	4	0	0	5435.0
2	4	0	0	5559.0
1	4	0	0	5550.0
6	4	0	0	5036.0
5	4	1	0	9405.0
4	4	1	0	7641.0
3	4	1	0	8749.0
2	4	1	0	7989.0
1	4	1	0	10613.0
6	4	0	0	5654.0
5	4	0	1	7285.0
4	4	0	1	7118.0
3	4	0	1	6989.0
2	4	0	1	7167.0
6	3	0	0	7331.0
4	3	1	1	11585.0
3	3	1	1	10731.0
2	3	1	1	9662.0
1	3	1	1	10673.0
6	3	0	0	5414.0
5	3	1	0	9408.0
4	3	1	0	6970.0
3	3	1	0	8708.0
2	3	1	0	7355.0
1	3	1	0	11013.0
6	3	0	0	5714.0
5	3	0	0	7307.0
4	3	0	0	6234.0
3	3	0	0	5661.0
2	3	0	0	5830.0
1	3	0	0	6000.0
6	3	0	0	5460.0
5	3	1	0	9067.0
4	3	1	0	8876.0
3	3	1	0	9112.0
2	3	1	0	8644.0
1	3	1	0	11438.0
6	3	0	0	6397.0
5	3	0	0	7731.0
4	2	0	0	6774.0
3	2	0	0	6473.0
2	2	0	0	5934.0
1	2	0	0	6081.0
6	2	0	0	5101.0
5	2	1	0	9299.0
4	2	1	0	8582.0
3	2	1	0	8842.0
2	2	1	0	8389.0
1	2	1	0	11438.0
6	2	0	0	5921.0
5	2	0	0	6451.0
4	2	0	0	6191.0
3	2	0	0	6228.0
2	2	0	0	5992.0
1	2	0	0	6341.0
6	2	0	0	5709.0
5	2	1	1	8600.0
4	2	1	1	8550.0
3	2	1	1	8940.0
2	2	1	1	8961.0
1	2	1	1	11206.0
6	2	0	0	5625.0
5	2	0	0	8454.0
4	1	0	0	7796.0
3	1	0	0	6544.0
2	1	0	0	6177.0
1	1	0	0	6377.0
6	1	0	0	5831.0
5	1	1	0	8619.0
4	1	1	0	8429.0
3	1	1	0	8328.0
2	1	1	0	8242.0
1	1	1	0	9146.0
6	1	0	0	5932.0
5	1	0	0	7095.0
4	1	0	0	6439.0
3	1	0	0	6255.0
2	1	0	0	6184.0
1	1	0	0	6029.0
6	1	0	0	5838.0
5	1	1	0	9173.0
4	1	1	0	8236.0
3	1	1	0	8735.0
2	1	1	0	9138.0
1	1	1	0	11887.0
6	1	0	0	5556.0
5	1	0	1	6977.0
4	1	0	1	6533.0
3	1	0	1	7323.0
