5	7	1	1	8959.0
4	7	1	1	7996.0
3	7	1	1	9236.0
2	7	1	1	8822.0
1	7	1	1	10227.0
6	7	0	0	5185.0
5	7	0	1	6078.0
4	7	0	1	5784.0
3	7	0	1	6201.0
2	7	0	1	6314.0
1	7	0	1	6754.0
6	7	0	0	7213.0
5	7	1	0	7684.0
4	7	1	0	9234.0
3	7	1	0	10008.0
2	7	1	0	9336.0
1	7	1	0	11730.0
6	7	0	0	6612.0
5	7	0	0	6730.0
4	7	0	0	6090.0
3	7	0	0	6350.0
2	7	0	0	5808.0
1	7	0	0	6226.0
6	7	0	0	5119.0
5	7	1	0	7311.0
4	7	1	0	7886.0
3	7	1	0	7765.0
2	6	1	0	13704.0
1	6	1	0	13738.0
6	6	0	0	6546.0
5	6	0	0	6275.0
4	6	0	0	6205.0
3	6	0	0	5403.0
2	6	0	0	6046.0
1	6	0	0	5525.0
6	6	0	0	6602.0
5	6	1	0	8836.0
4	6	1	0	8058.0
3	6	1	0	10070.0
2	6	1	0	9626.0
1	6	1	0	12031.0
6	6	0	0	6214.0
5	6	0	0	5650.0
4	6	0	0	5754.0
3	6	0	0	6184.0
2	6	0	0	5772.0
1	6	0	0	6382.0
6	6	0	0	5531.0
5	6	1	0	8976.0
4	6	1	0	8360.0
3	6	1	0	10171.0
2	6	1	0	10130.0
1	6	1	0	13117.0
6	5	0	0	7010.0
5	5	0	0	7665.0
4	5	0	0	5853.0
3	5	0	0	6422.0
2	5	0	0	7132.0
6	5	0	0	5896.0
5	5	1	0	8427.0
4	5	1	0	7959.0
3	5	1	0	9301.0
2	5	1	0	8902.0
1	5	1	0	11113.0
6	5	0	0	6214.0
5	5	0	1	7750.0
3	5	0	0	7400.0
2	5	0	0	5664.0
1	5	0	0	6975.0
6	5	0	0	6218.0
5	5	1	0	8896.0
4	5	1	0	8761.0
3	5	1	0	9334.0
2	5	1	0	8730.0
1	5	1	0	11391.0
6	5	0	0	7748.0
4	4	1	0	11429.0
3	4	1	0	9680.0
2	4	1	0	10132.0
1	4	1	0	11491.0
6	4	0	0	5497.0
5	4	0	0	5589.0
4	4	0	0	5304.0
3	4	0	0	6004.0
2	4	0	0	6139.0
1	4	0	0	6416.0
6	4	0	0	6901.0
5	4	1	1	8576.0
4	4	1	1	8602.0
3	4	1	1	8764.0
2	4	1	1	9775.0
1	4	1	1	11377.0
6	4	0	0	6235.0
5	4	0	1	5737.0
4	4	0	1	6647.0
3	4	0	1	6618.0
2	4	0	1	7631.0
6	4	0	0	9639.0
4	4	1	1	13170.0
3	4	1	1	11864.0
2	3	1	0	12875.0
1	3	1	0	13860.0
6	3	0	0	7872.0
5	3	0	0	6858.0
4	3	0	0	6334.0
3	3	0	0	6985.0
2	3	0	0	5808.0
1	3	0	0	6118.0
6	3	0	0	6266.0
5	3	1	0	8440.0
4	3	1	0	8594.0
3	3	1	0	8958.0
2	3	1	0	10234.0
1	3	1	0	11828.0
6	3	0	0	6980.0
5	3	0	0	6540.0
4	3	0	0	6688.0
3	3	0	0	6858.0
2	3	0	0	6615.0
1	3	0	0	7376.0
6	3	0	0	6456.0
5	3	1	0	8191.0
4	3	1	0	8772.0
3	3	1	0	8499.0
2	3	1	0	9210.0
1	3	1	0	10743.0
6	2	0	0	6731.0
5	2	0	0	5570.0
4	2	0	0	5928.0
3	2	0	0	5883.0
2	2	0	0	5002.0
1	2	0	0	5892.0
6	2	0	0	6343.0
5	2	1	0	6996.0
4	2	1	0	7904.0
3	2	1	0	7863.0
2	2	1	0	9273.0
1	2	1	0	10936.0
6	2	0	0	6580.0
5	2	0	0	5996.0
4	2	0	0	6176.0
3	2	0	0	5689.0
2	2	0	0	5361.0
1	2	0	0	5763.0
6	2	0	0	6244.0
5	2	1	0	7409.0
4	2	1	0	7778.0
3	2	1	0	8772.0
2	2	1	0	8646.0
1	2	1	0	10737.0
6	1	0	0	7104.0
5	1	1	0	9156.0
4	1	1	0	7641.0
3	1	1	0	8412.0
2	1	1	0	9885.0
1	1	1	0	9447.0
6	1	0	0	5627.0
5	1	0	0	6035.0
4	1	0	0	5717.0
3	1	0	0	5463.0
2	1	0	0	5631.0
1	1	0	0	6211.0
6	1	0	0	6780.0
5	1	1	0	9845.0
4	1	1	0	8162.0
3	1	1	0	9485.0
2	1	1	0	8225.0
1	1	1	0	11046.0
6	1	0	0	5284.0
5	1	1	0	6644.0
4	1	1	0	7485.0
3	1	1	0	9332.0
2	1	1	1	10081.0
1	1	1	1	12449.0
6	1	0	0	6068.0
5	1	0	1	5866.0
3	12	0	1	4871.0
2	12	0	1	9426.0
1	12	0	1	9917.0
6	12	0	0	7159.0
3	12	0	1	4984.0
2	12	0	1	11122.0
1	12	0	1	9775.0
6	12	0	0	8285.0
5	12	1	0	11494.0
4	12	1	0	12106.0
3	12	1	0	12161.0
2	12	1	0	12667.0
1	12	1	0	14805.0
6	12	0	0	9062.0
5	12	0	0	6015.0
4	12	0	0	7026.0
3	12	0	0	6561.0
2	12	0	0	8191.0
1	12	0	0	7696.0
6	12	0	0	8269.0
5	12	1	0	13388.0
4	12	1	0	11438.0
3	12	1	0	10471.0
2	12	1	0	11623.0
1	12	1	0	13479.0
6	11	0	0	9862.0
5	11	1	0	10553.0
4	11	1	0	9680.0
3	11	1	0	10070.0
2	11	1	0	10692.0
1	11	1	0	10882.0
6	11	0	0	7308.0
5	11	0	0	6740.0
4	11	0	0	6108.0
3	11	0	0	6055.0
2	11	0	0	6416.0
1	11	0	0	6870.0
6	11	0	0	7340.0
5	11	1	0	7711.0
4	11	1	0	8051.0
3	11	1	0	8323.0
2	11	1	0	8735.0
1	11	1	0	9042.0
6	11	0	0	7384.0
5	11	1	0	8891.0
4	11	1	0	8948.0
3	11	1	0	9417.0
2	11	1	0	9382.0
1	11	1	0	11373.0
6	11	0	0	6871.0
5	10	0	0	7461.0
4	10	0	0	6674.0
3	10	0	0	6156.0
2	10	0	0	6506.0
1	10	0	0	7311.0
6	10	0	0	6150.0
5	10	1	1	7713.0
4	10	1	1	7553.0
3	10	1	1	7894.0
2	10	1	1	7206.0
1	10	1	1	9121.0
6	10	0	0	5914.0
5	10	0	1	5511.0
4	10	0	1	5590.0
3	10	0	1	5730.0
2	10	0	1	5732.0
1	10	0	1	5833.0
6	10	0	0	7065.0
5	10	1	0	8770.0
4	10	1	0	9326.0
3	10	1	0	9021.0
2	10	1	0	8389.0
1	10	1	0	9356.0
6	10	0	0	6217.0
4	10	1	0	6590.0
3	10	1	0	6381.0
2	9	1	0	11440.0
1	9	1	0	11440.0
6	9	0	0	6266.0
5	9	0	0	5599.0
4	9	0	0	5371.0
3	9	0	0	5168.0
2	9	0	0	5421.0
1	9	0	0	6217.0
6	9	0	0	6271.0
5	9	1	0	7426.0
4	9	1	0	7549.0
3	9	1	0	7610.0
2	9	1	0	8632.0
1	9	1	0	11150.0
6	9	0	0	5645.0
5	9	0	0	5994.0
4	9	0	0	5703.0
3	9	0	0	6296.0
2	9	0	0	5306.0
1	9	0	0	5359.0
6	9	0	0	5191.0
5	9	1	0	7921.0
4	9	1	0	8373.0
3	9	1	0	8661.0
2	9	1	0	10399.0
1	9	1	0	11086.0
6	8	0	0	6465.0
5	8	0	0	7049.0
4	8	0	0	6146.0
3	8	0	0	5548.0
2	8	0	0	6061.0
1	8	0	0	7210.0
6	8	0	0	6049.0
5	8	1	1	7473.0
4	8	1	1	8614.0
3	8	1	1	8799.0
2	8	1	1	9863.0
1	8	1	1	9846.0
6	8	0	0	4817.0
5	8	0	1	6044.0
4	8	0	1	5581.0
3	8	0	1	5616.0
2	8	0	1	5076.0
1	8	0	1	6276.0
6	8	0	0	5272.0
5	8	1	1	7813.0
4	8	1	1	7675.0
3	8	1	1	7969.0
2	8	1	1	8767.0
1	8	1	1	11281.0
6	8	0	0	5617.0
5	8	1	1	7786.0
4	7	1	1	8663.0
3	7	1	1	9101.0
2	7	1	1	8184.0
1	7	1	1	10178.0
6	7	0	0	5992.0
5	7	0	1	6020.0
4	7	0	1	5182.0
3	7	0	1	5469.0
2	7	0	1	5077.0
1	7	0	1	6561.0
6	7	0	0	4888.0
5	7	1	1	7450.0
4	7	1	1	8322.0
3	7	1	1	8984.0
2	7	1	1	8940.0
1	7	1	1	9503.0
6	7	0	0	6428.0
5	7	0	0	7150.0
4	7	0	0	6384.0
3	7	0	0	6494.0
2	7	0	0	5930.0
1	7	0	0	6437.0
6	7	0	0	5983.0
5	7	1	0	7248.0
4	7	1	0	7817.0
3	7	1	0	8299.0
2	7	1	0	8227.0
1	6	1	0	14265.0
6	6	0	0	6416.0
5	6	0	0	6691.0
4	6	0	0	5093.0
3	6	0	0	5858.0
2	6	0	0	5532.0
1	6	0	0	5262.0
6	6	0	0	5657.0
5	6	1	0	8407.0
4	6	1	0	7762.0
3	6	1	0	8013.0
2	6	1	0	9316.0
1	6	1	0	10956.0
6	6	0	0	5945.0
5	6	0	0	5791.0
4	6	0	0	6615.0
3	6	0	0	6395.0
2	6	0	0	6604.0
6	6	0	0	6030.0
5	6	1	0	7309.0
4	6	1	0	7994.0
3	6	1	0	9235.0
2	6	1	0	9576.0
1	6	1	0	12240.0
6	5	0	0	5905.0
5	5	0	1	8308.0
3	5	0	0	6714.0
2	5	0	0	5891.0
1	5	0	0	5991.0
6	5	0	0	6194.0
5	5	1	0	7761.0
4	5	1	0	7085.0
3	5	1	0	8241.0
2	5	1	0	8560.0
1	5	1	0	10287.0
6	5	0	0	5390.0
5	5	0	0	5353.0
4	5	0	0	6256.0
3	5	0	0	5784.0
2	5	0	0	5759.0
1	5	0	0	5660.0
6	5	0	0	6325.0
5	5	1	0	8109.0
4	5	1	0	7155.0
3	5	1	0	8380.0
2	5	1	0	8946.0
1	5	1	0	10699.0
6	5	0	0	6343.0
5	5	1	1	10426.0
3	4	1	1	9483.0
2	4	1	1	9042.0
1	4	1	1	11263.0
6	4	0	0	5202.0
5	4	0	1	5587.0
4	4	0	1	5437.0
3	4	0	1	5969.0
2	4	0	1	5953.0
6	4	0	0	8678.0
4	4	1	1	10882.0
3	4	1	1	10847.0
2	4	1	0	11971.0
1	4	1	0	12281.0
6	4	0	0	6159.0
5	4	0	0	6210.0
4	4	0	0	6455.0
3	4	0	0	7020.0
2	4	0	0	5706.0
1	4	0	0	6662.0
6	4	0	0	5581.0
5	4	1	0	7664.0
4	4	1	0	8114.0
3	4	1	0	7284.0
2	4	1	0	6833.0
1	3	1	0	14079.0
6	3	0	0	5906.0
5	3	0	0	6523.0
4	3	0	0	6000.0
3	3	0	0	6302.0
2	3	0	0	6049.0
1	3	0	0	7453.0
6	3	0	0	5951.0
5	3	1	0	6714.0
4	3	1	0	7080.0
3	3	1	0	7682.0
2	3	1	0	8432.0
1	3	1	0	9961.0
6	3	0	0	4960.0
5	3	0	0	5882.0
4	3	0	0	5484.0
3	3	0	0	5223.0
2	3	0	0	5953.0
1	3	0	0	4926.0
6	3	0	0	5603.0
5	3	1	0	7606.0
4	3	1	0	7899.0
3	3	1	0	8575.0
2	3	1	0	9909.0
1	3	1	0	12341.0
6	3	0	0	6531.0
5	2	0	0	6014.0
4	2	0	0	5717.0
3	2	0	0	5680.0
2	2	0	0	5445.0
1	2	0	0	5354.0
6	2	0	0	5602.0
5	2	1	0	7425.0
4	2	1	0	7568.0
3	2	1	0	7975.0
2	2	1	0	9056.0
1	2	1	0	11438.0
6	2	0	0	5809.0
5	2	0	0	5969.0
4	2	0	0	5870.0
3	2	0	0	5842.0
2	2	0	0	5247.0
1	2	0	0	6235.0
6	2	0	0	6266.0
5	2	1	0	7479.0
4	2	1	0	9247.0
3	2	1	0	9489.0
2	2	1	0	10321.0
1	2	1	0	13185.0
6	2	0	0	5624.0
5	1	0	0	6393.0
4	1	0	0	5101.0
3	1	0	0	5398.0
2	1	0	0	5847.0
1	1	0	0	5444.0
6	1	0	0	5512.0
5	1	1	0	7802.0
4	1	1	0	7814.0
3	1	1	0	8774.0
2	1	1	0	8593.0
1	1	1	0	12042.0
6	1	0	0	6249.0
5	1	0	0	5810.0
4	1	0	0	4874.0
3	1	0	0	5824.0
2	1	0	0	5511.0
1	1	0	0	5048.0
6	1	0	0	6084.0
5	1	1	0	8412.0
4	1	1	0	7959.0
3	1	1	0	8280.0
2	1	1	0	10470.0
1	1	1	1	12198.0
6	1	0	0	6718.0
5	1	0	1	6714.0
4	1	0	1	5787.0
2	12	0	1	4707.0
1	12	0	1	10855.0
6	12	0	0	6982.0
5	12	0	1	7960.0
2	12	0	1	4267.0
1	12	0	1	12694.0
6	12	0	0	10151.0
5	12	1	0	11173.0
4	12	1	0	11470.0
3	12	1	0	13211.0
2	12	1	0	13145.0
1	12	1	0	16747.0
6	12	0	0	8452.0
5	12	0	0	8465.0
4	12	0	0	7215.0
3	12	0	0	7982.0
2	12	0	0	7765.0
1	12	0	0	7199.0
6	12	0	0	7509.0
5	12	1	0	7173.0
4	12	1	0	9054.0
3	12	1	0	12354.0
2	12	1	0	11692.0
1	12	1	0	13749.0
6	11	0	0	10036.0
5	11	0	0	8127.0
4	11	0	0	8533.0
3	11	0	0	7964.0
2	11	0	0	7375.0
1	11	0	0	8322.0
6	11	0	0	6832.0
5	11	1	0	8257.0
4	11	1	0	7746.0
3	11	1	0	9193.0
2	11	1	0	9397.0
1	11	1	0	10535.0
6	11	0	0	6971.0
5	11	0	0	5800.0
4	11	0	0	6165.0
3	11	0	0	6113.0
2	11	0	0	5628.0
1	11	0	0	6452.0
6	11	0	0	5873.0
5	11	1	0	8626.0
4	11	1	0	8124.0
3	11	1	0	8682.0
2	11	1	0	10488.0
1	11	1	0	8990.0
6	11	0	0	5973.0
5	11	0	0	6745.0
4	10	0	0	7143.0
3	10	0	0	6491.0
2	10	0	0	6018.0
1	10	0	0	4597.0
6	10	0	0	6205.0
5	10	1	0	8062.0
4	10	1	0	7376.0
3	10	1	0	8322.0
2	10	1	0	8502.0
1	10	1	0	10906.0
6	10	0	0	6186.0
5	10	0	1	5954.0
4	10	0	1	5217.0
3	10	0	1	5770.0
2	10	0	1	4994.0
1	10	0	1	6832.0
6	10	0	0	5432.0
5	10	1	1	8053.0
4	10	1	1	8574.0
3	10	1	1	7688.0
2	10	1	1	8625.0
1	10	1	1	10458.0
6	10	0	0	6213.0
5	10	0	1	7170.0
3	10	0	0	5719.0
2	10	0	0	5102.0
1	9	0	0	7758.0
6	9	0	0	6416.0
5	9	1	0	8532.0
4	9	1	0	7853.0
3	9	1	0	7595.0
2	9	1	0	9293.0
1	9	1	0	9849.0
6	9	0	0	5437.0
5	9	0	0	4622.0
4	9	0	0	4877.0
3	9	0	0	5454.0
2	9	0	0	5117.0
1	9	0	0	5346.0
6	9	0	0	5582.0
5	9	1	0	8646.0
4	9	1	0	8607.0
3	9	1	0	8468.0
2	9	1	0	8849.0
1	9	1	0	9664.0
6	9	0	0	5283.0
5	9	0	0	5466.0
4	9	0	0	5017.0
3	9	0	0	5761.0
2	9	0	0	6026.0
1	9	0	0	5130.0
6	8	0	0	5765.0
5	8	1	0	8519.0
4	8	1	0	8767.0
3	8	1	0	8992.0
2	8	1	0	8842.0
1	8	1	0	10687.0
6	8	0	0	5625.0
5	8	0	0	5894.0
4	8	0	0	5165.0
3	8	0	0	5784.0
2	8	0	0	5533.0
1	8	0	0	5590.0
6	8	0	0	5963.0
5	8	1	0	8375.0
4	8	1	0	7963.0
3	8	1	0	8869.0
2	8	1	0	8617.0
1	8	1	0	11294.0
6	8	0	0	5943.0
5	8	0	0	6052.0
4	8	0	0	5885.0
3	8	0	0	6575.0
2	8	0	0	7199.0
1	8	0	0	7836.0
6	8	0	0	7053.0
5	8	1	1	8664.0
4	8	1	1	9700.0
3	7	1	1	9847.0
2	7	1	1	9199.0
1	7	1	1	13242.0
6	7	0	0	5593.0
5	7	0	1	5261.0
4	7	0	1	5257.0
3	7	0	1	5221.0
2	7	0	1	4865.0
1	7	0	1	5507.0
6	7	0	0	5758.0
5	7	1	1	7687.0
4	7	1	1	7939.0
3	7	1	1	7612.0
2	7	1	1	8547.0
1	7	1	1	11095.0
6	7	0	0	6183.0
5	7	0	1	5483.0
4	7	0	1	6358.0
3	7	0	1	5953.0
2	7	0	1	5560.0
1	7	0	1	5772.0
6	7	0	0	5725.0
5	7	1	1	8615.0
4	7	1	1	8258.0
3	7	1	1	7855.0
2	7	1	1	7010.0
1	7	1	1	8936.0
6	6	0	0	6884.0
5	6	0	1	6445.0
4	6	0	1	6493.0
3	6	0	1	6298.0
2	6	0	1	5775.0
1	6	0	1	6314.0
6	6	0	0	5976.0
5	6	1	0	8028.0
4	6	1	0	8078.0
3	6	1	0	7799.0
2	6	1	0	8538.0
1	6	1	0	10439.0
6	6	0	0	6208.0
5	6	0	0	5895.0
4	6	0	0	5207.0
3	6	0	0	5867.0
2	6	0	0	6312.0
1	6	0	0	5896.0
6	6	0	0	6409.0
5	6	1	0	7715.0
4	6	1	0	7693.0
3	6	1	0	8103.0
2	6	1	0	8637.0
1	6	1	0	11170.0
6	6	0	0	6939.0
5	5	1	0	8790.0
4	5	1	0	8275.0
3	5	1	0	8895.0
2	5	1	0	8900.0
1	5	1	0	11416.0
6	5	0	0	4741.0
5	5	0	0	6057.0
4	5	0	0	6366.0
3	5	0	0	5171.0
2	5	0	0	5961.0
6	5	0	0	5613.0
5	5	1	0	7427.0
4	5	1	0	7423.0
3	5	1	0	8069.0
2	5	1	0	8723.0
1	5	1	0	9414.0
6	5	0	0	5994.0
5	5	0	1	7022.0
3	5	0	0	6387.0
2	5	0	0	5485.0
1	5	0	0	5888.0
6	5	0	0	6351.0
5	5	1	0	7953.0
4	5	1	0	9884.0
2	4	1	0	10579.0
1	4	1	0	10095.0
6	4	0	0	6832.0
5	4	1	0	6708.0
4	4	1	0	7946.0
3	4	1	0	8406.0
2	4	1	0	7721.0
1	4	1	0	9430.0
6	4	0	0	5960.0
5	4	0	0	5821.0
4	4	0	0	5433.0
3	4	0	0	5328.0
2	4	0	0	5209.0
1	4	0	0	5305.0
6	4	0	0	5336.0
5	4	1	0	8626.0
4	4	1	0	7472.0
3	4	1	0	7334.0
2	4	1	1	8805.0
1	4	1	1	10825.0
6	4	0	0	5609.0
5	4	0	1	5425.0
4	4	0	1	6197.0
3	4	0	1	6195.0
2	4	0	1	6532.0
6	3	0	0	9390.0
4	3	1	1	11489.0
3	3	1	1	11381.0
2	3	1	1	10298.0
1	3	1	1	11971.0
6	3	0	0	7413.0
5	3	1	0	8471.0
4	3	1	0	8529.0
3	3	1	0	9021.0
2	3	1	0	9425.0
1	3	1	0	8129.0
6	3	0	0	6691.0
5	3	0	0	6996.0
4	3	0	0	5891.0
3	3	0	0	6041.0
2	3	0	0	5872.0
1	3	0	0	4823.0
6	3	0	0	5778.0
5	3	1	0	8048.0
4	3	1	0	8093.0
3	3	1	0	8712.0
2	3	1	0	9035.0
1	3	1	0	12369.0
6	3	0	0	6481.0
5	3	0	0	6292.0
4	2	0	0	6210.0
3	2	0	0	5581.0
2	2	0	0	4959.0
1	2	0	0	5284.0
6	2	0	0	5771.0
5	2	1	0	7805.0
4	2	1	0	7898.0
3	2	1	0	7872.0
2	2	1	0	8564.0
1	2	1	0	10195.0
6	2	0	0	5420.0
5	2	0	0	5637.0
4	2	0	0	5992.0
3	2	0	0	5408.0
2	2	0	0	5226.0
1	2	0	0	5531.0
6	2	0	0	5932.0
5	2	1	0	7595.0
4	2	1	0	8300.0
3	2	1	0	8181.0
2	2	1	0	7563.0
1	2	1	0	9804.0
6	2	0	0	6893.0
5	2	0	0	6064.0
4	1	0	0	5732.0
3	1	0	0	4555.0
2	1	0	0	5424.0
1	1	0	0	5376.0
6	1	0	0	5651.0
5	1	1	0	7748.0
4	1	1	0	7687.0
3	1	1	0	8361.0
2	1	1	0	8342.0
1	1	1	0	11199.0
6	1	0	0	6160.0
5	1	0	0	5344.0
4	1	0	0	5247.0
3	1	0	0	5362.0
2	1	0	0	4579.0
1	1	0	0	5399.0
6	1	0	0	6342.0
5	1	1	0	7999.0
4	1	1	0	7591.0
3	1	1	0	8311.0
2	1	1	0	9114.0
1	1	1	0	11010.0
6	1	0	0	6392.0
5	1	0	1	4642.0
4	1	0	1	4867.0
3	1	0	1	5029.0
