5	7	1	1	14096.0
4	7	1	1	12178.0
3	7	1	1	11963.0
2	7	1	1	12503.0
1	7	1	1	12708.0
7	7	0	0	15998.0
6	7	0	0	8958.0
5	7	0	0	11711.0
4	7	0	0	11283.0
3	7	0	0	11050.0
2	7	0	0	11729.0
1	7	0	0	11728.0
7	7	0	0	17075.0
6	7	0	0	10146.0
5	7	1	0	12774.0
4	7	1	0	12933.0
3	7	1	0	12997.0
2	7	1	0	12364.0
1	7	1	0	12743.0
7	7	0	0	15585.0
6	7	0	0	9508.0
5	7	0	0	11539.0
4	7	0	0	11575.0
3	7	0	0	11528.0
2	7	0	0	11761.0
1	7	0	0	12812.0
7	7	0	0	17285.0
6	7	0	0	10512.0
5	7	1	0	13874.0
4	7	1	0	13902.0
3	7	1	0	13566.0
2	6	1	0	14709.0
1	6	1	0	14102.0
7	6	0	0	16923.0
6	6	0	0	9061.0
5	6	0	0	11271.0
4	6	0	0	12151.0
3	6	0	0	10821.0
2	6	0	0	12124.0
1	6	0	0	13192.0
7	6	0	0	17446.0
6	6	0	0	9130.0
5	6	1	0	14085.0
4	6	1	0	12992.0
3	6	1	0	13025.0
2	6	1	0	13727.0
1	6	1	0	14116.0
7	6	0	0	18535.0
6	6	0	0	9678.0
5	6	0	0	12418.0
4	6	0	0	13247.0
3	6	0	0	12185.0
2	6	0	0	11403.0
1	6	0	0	11924.0
7	6	0	0	17503.0
6	6	0	0	10270.0
5	6	1	0	14188.0
3	6	1	0	14349.0
2	6	1	0	13593.0
1	6	1	0	14110.0
7	5	0	0	16944.0
6	5	0	0	9875.0
5	5	0	0	13521.0
4	5	0	0	11251.0
3	5	0	0	11476.0
2	5	0	0	11880.0
7	5	0	0	20158.0
6	5	0	0	9558.0
5	5	1	0	12614.0
4	5	1	0	13713.0
3	5	1	0	12582.0
2	5	1	0	13537.0
1	5	1	0	14260.0
7	5	0	0	16197.0
6	5	0	0	8683.0
5	5	0	0	11939.0
3	5	0	0	13689.0
2	5	0	0	11761.0
1	5	0	0	12542.0
7	5	0	0	16556.0
6	5	0	0	9753.0
5	5	1	0	13397.0
4	5	1	0	12920.0
3	5	1	0	12874.0
2	5	1	0	11870.0
1	5	1	0	13999.0
7	5	0	0	19181.0
6	5	0	0	9783.0
4	4	1	0	17247.0
3	4	1	0	12874.0
2	4	1	0	13187.0
1	4	1	0	14519.0
7	4	0	0	15620.0
6	4	0	0	8725.0
5	4	0	0	12726.0
4	4	0	0	11533.0
3	4	0	0	10267.0
2	4	0	0	11687.0
1	4	0	0	12719.0
7	4	0	0	17080.0
6	4	0	0	10288.0
5	4	1	0	14634.0
4	4	1	0	13382.0
3	4	1	0	13128.0
2	4	1	0	13560.0
1	4	1	0	14146.0
7	4	0	0	16044.0
6	4	0	0	8288.0
5	4	0	1	11522.0
4	4	0	1	10510.0
3	4	0	1	10500.0
2	4	0	1	12238.0
7	4	0	1	15187.0
6	4	0	1	11283.0
4	4	1	1	17638.0
3	4	1	1	14379.0
2	3	1	1	15251.0
1	3	1	1	13435.0
7	3	0	0	16086.0
6	3	0	0	7918.0
5	3	0	0	13082.0
4	3	0	0	11046.0
3	3	0	0	10830.0
2	3	0	0	10439.0
1	3	0	0	11914.0
7	3	0	0	16021.0
6	3	0	0	8939.0
5	3	1	0	12897.0
4	3	1	0	12799.0
3	3	1	0	10132.0
2	3	1	0	12758.0
1	3	1	0	13856.0
7	3	0	0	19438.0
6	3	0	0	11257.0
5	3	0	0	12427.0
4	3	0	0	11966.0
3	3	0	0	12487.0
2	3	0	0	12217.0
1	3	0	0	12722.0
7	3	0	0	15988.0
6	3	0	0	8546.0
5	3	1	0	13062.0
4	3	1	0	11622.0
3	3	1	0	12305.0
2	3	1	0	13591.0
1	3	1	0	13744.0
7	3	0	0	17458.0
6	2	0	0	10113.0
5	2	0	0	13084.0
4	2	0	0	12482.0
3	2	0	0	10797.0
2	2	0	0	10907.0
1	2	0	0	13205.0
7	2	0	0	16205.0
6	2	0	0	7926.0
5	2	1	0	12270.0
4	2	1	0	12008.0
3	2	1	0	12659.0
2	2	1	0	14215.0
1	2	1	0	14756.0
7	2	0	0	18600.0
6	2	0	0	12452.0
5	2	0	0	14434.0
4	2	0	0	13146.0
3	2	0	0	12126.0
2	2	0	0	11764.0
1	2	0	0	11638.0
7	2	0	0	15175.0
6	2	0	0	8516.0
5	2	1	0	13166.0
4	2	1	0	13590.0
3	2	1	0	13279.0
2	2	1	0	14088.0
1	2	1	0	15215.0
7	2	0	0	15897.0
6	1	0	0	11720.0
5	1	1	0	14476.0
4	1	1	0	13459.0
3	1	1	0	12617.0
2	1	1	0	12805.0
1	1	1	0	12976.0
7	1	0	0	15394.0
6	1	0	0	8203.0
5	1	0	0	10725.0
4	1	0	0	10760.0
3	1	0	0	10203.0
2	1	0	0	10701.0
1	1	0	0	11393.0
7	1	0	0	18173.0
6	1	0	0	11063.0
5	1	1	0	15264.0
4	1	1	0	14824.0
3	1	1	0	13211.0
2	1	1	0	12986.0
1	1	1	0	12746.0
7	1	0	0	15462.0
6	1	0	0	8313.0
5	1	1	1	10457.0
4	1	1	1	10889.0
3	1	1	1	10144.0
2	1	1	1	11947.0
1	1	1	1	11462.0
7	1	0	1	14674.0
6	1	0	1	8368.0
5	1	0	1	9002.0
3	12	0	1	10485.0
2	12	0	1	11191.0
1	12	0	1	10678.0
7	12	0	1	14541.0
6	12	0	1	9305.0
3	12	0	1	9246.0
2	12	0	1	13434.0
1	12	0	1	11889.0
7	12	0	0	16709.0
6	12	0	0	9621.0
5	12	1	0	14773.0
4	12	1	0	13924.0
3	12	1	0	14436.0
2	12	1	0	13733.0
1	12	1	0	14653.0
7	12	0	0	17449.0
6	12	0	0	10213.0
5	12	0	0	12072.0
4	12	0	0	11686.0
3	12	0	0	11922.0
2	12	0	0	11340.0
1	12	0	0	12067.0
7	12	0	0	16522.0
6	12	0	0	9814.0
5	12	1	0	15059.0
4	12	1	0	14414.0
3	12	1	0	14719.0
2	12	1	0	13519.0
1	12	1	0	14281.0
7	11	0	0	17893.0
6	11	0	0	9837.0
5	11	1	0	14786.0
4	11	1	0	13232.0
3	11	1	0	12231.0
2	11	1	0	13120.0
1	11	1	0	13571.0
7	11	0	0	16298.0
6	11	0	0	8248.0
5	11	0	0	10857.0
4	11	0	0	10400.0
3	11	0	0	11099.0
2	11	0	0	12279.0
1	11	0	0	11691.0
7	11	0	0	16798.0
6	11	0	0	8497.0
5	11	1	0	12831.0
4	11	1	0	12641.0
3	11	1	0	12128.0
2	11	1	0	11643.0
1	11	1	0	12324.0
7	11	0	0	14313.0
6	11	0	0	8267.0
5	11	1	0	11284.0
4	11	1	0	10773.0
3	11	1	0	12802.0
2	11	1	0	12034.0
1	11	1	0	13592.0
7	11	0	0	15457.0
6	11	0	0	8829.0
5	10	0	1	11762.0
4	10	0	1	12183.0
3	10	0	1	11722.0
2	10	0	1	11334.0
1	10	0	1	11203.0
7	10	0	1	14163.0
6	10	0	1	9141.0
5	10	1	1	11093.0
4	10	1	1	11211.0
3	10	1	1	12738.0
2	10	1	1	12582.0
1	10	1	1	11656.0
7	10	0	0	14816.0
6	10	0	0	7739.0
5	10	0	0	11937.0
4	10	0	0	11097.0
3	10	0	0	9905.0
2	10	0	0	11231.0
1	10	0	0	11871.0
7	10	0	0	15554.0
6	10	0	0	9600.0
5	10	1	0	13510.0
4	10	1	0	13129.0
3	10	1	0	13708.0
2	10	1	0	13259.0
1	10	1	0	13051.0
7	10	0	0	16778.0
6	10	0	0	9884.0
4	10	1	0	13843.0
3	10	1	0	12404.0
2	9	1	0	13418.0
1	9	1	0	12707.0
7	9	0	0	15649.0
6	9	0	0	8611.0
5	9	0	0	12374.0
4	9	0	0	10407.0
3	9	0	0	10652.0
2	9	0	0	10651.0
1	9	0	0	11971.0
7	9	0	0	17140.0
6	9	0	0	10440.0
5	9	1	0	13388.0
4	9	1	0	11956.0
3	9	1	0	12481.0
2	9	1	0	12730.0
1	9	1	0	12640.0
7	9	0	0	17636.0
6	9	0	0	9042.0
5	9	0	0	11767.0
4	9	0	0	11047.0
3	9	0	0	10959.0
2	9	0	0	10983.0
1	9	0	0	11350.0
7	9	0	0	14962.0
6	9	0	0	8391.0
5	9	1	1	11217.0
4	9	1	1	11236.0
3	9	1	1	12031.0
2	9	1	1	11550.0
1	9	1	1	12480.0
7	8	0	1	14446.0
6	8	0	1	9986.0
5	8	0	1	11819.0
4	8	0	1	10287.0
3	8	0	1	10529.0
2	8	0	1	11290.0
1	8	0	1	10918.0
7	8	0	1	16075.0
6	8	0	1	8279.0
5	8	1	1	11108.0
4	8	1	1	11065.0
3	8	1	1	11682.0
2	8	1	1	12128.0
1	8	1	1	12577.0
7	8	0	1	16039.0
6	8	0	1	8235.0
5	8	0	1	12689.0
4	8	0	1	11283.0
3	8	0	1	11847.0
2	8	0	1	10890.0
1	8	0	1	11102.0
7	8	0	1	16019.0
6	8	0	1	8588.0
5	8	1	1	11607.0
4	8	1	1	11562.0
3	8	1	1	11777.0
2	8	1	1	11763.0
1	8	1	1	13009.0
7	8	0	1	17010.0
6	8	0	1	8261.0
5	8	1	1	12925.0
4	7	1	0	12390.0
3	7	1	1	11912.0
2	7	1	1	12091.0
1	7	1	1	12144.0
7	7	0	0	14950.0
6	7	0	0	8947.0
5	7	0	0	11773.0
4	7	0	0	10727.0
3	7	0	0	11320.0
2	7	0	0	11425.0
1	7	0	0	13078.0
7	7	0	0	16214.0
6	7	0	0	9875.0
5	7	1	0	13206.0
4	7	1	0	12264.0
3	7	1	0	12062.0
2	7	1	0	12482.0
1	7	1	0	11829.0
7	7	0	0	16217.0
6	7	0	0	8893.0
5	7	0	0	11831.0
4	7	0	0	11029.0
3	7	0	0	11963.0
2	7	0	0	12368.0
1	7	0	0	11442.0
7	7	0	0	15762.0
6	7	0	0	8877.0
5	7	1	0	12569.0
4	7	1	0	13048.0
3	7	1	0	12154.0
2	7	1	0	12530.0
1	6	1	0	13732.0
7	6	0	0	15320.0
6	6	0	0	8823.0
5	6	0	0	11681.0
4	6	0	0	10783.0
3	6	0	0	10949.0
2	6	0	0	10909.0
1	6	0	0	11122.0
7	6	0	0	13755.0
6	6	0	0	7948.0
5	6	1	0	11829.0
3	6	1	0	13023.0
2	6	1	0	11529.0
1	6	1	0	12028.0
7	6	0	0	15264.0
6	6	0	0	8298.0
5	6	0	0	10965.0
4	6	0	0	11279.0
3	6	0	0	11113.0
2	6	0	0	12790.0
7	6	0	0	17481.0
6	6	0	0	10181.0
5	6	1	0	13228.0
4	6	1	0	13104.0
3	6	1	0	12260.0
2	6	1	0	12629.0
1	6	1	0	13213.0
7	6	0	0	15321.0
6	5	0	0	8784.0
5	5	0	0	11309.0
3	5	0	0	12417.0
2	5	0	0	10782.0
1	5	0	0	11584.0
7	5	0	0	14883.0
6	5	0	0	8720.0
5	5	1	0	13327.0
4	5	1	0	13036.0
3	5	1	0	12057.0
2	5	1	0	12158.0
1	5	1	0	12580.0
7	5	0	0	14852.0
6	5	0	0	8054.0
5	5	0	0	12148.0
4	5	0	0	11200.0
3	5	0	0	10741.0
2	5	0	0	10958.0
1	5	0	0	11109.0
7	5	0	0	15737.0
6	5	0	0	9190.0
5	5	1	0	12964.0
4	5	1	0	12528.0
3	5	1	0	11716.0
2	5	1	0	12008.0
1	5	1	0	12122.0
7	5	0	0	16376.0
6	5	0	0	9872.0
5	5	1	0	12015.0
3	4	1	0	13413.0
2	4	1	0	11927.0
1	4	1	0	12117.0
7	4	0	0	13147.0
6	4	0	0	7642.0
5	4	0	1	10257.0
4	4	0	1	9833.0
3	4	0	1	9834.0
2	4	0	1	10742.0
7	4	0	1	12327.0
6	4	0	1	8571.0
4	4	1	1	14929.0
3	4	1	1	12509.0
2	4	1	1	13152.0
1	4	1	1	12810.0
7	4	0	0	14186.0
6	4	0	0	8038.0
5	4	0	0	10906.0
4	4	0	0	10652.0
3	4	0	0	11546.0
2	4	0	0	11124.0
1	4	0	0	11181.0
7	4	0	0	15226.0
6	4	0	0	9864.0
5	4	1	0	12889.0
4	4	1	0	12246.0
3	4	1	0	12220.0
2	4	1	0	12079.0
1	3	1	0	13706.0
7	3	0	0	12514.0
6	3	0	0	8484.0
5	3	0	0	10566.0
4	3	0	0	11128.0
3	3	0	0	9758.0
2	3	0	0	8809.0
1	3	0	0	11635.0
7	3	0	0	13980.0
6	3	0	0	8350.0
5	3	1	0	11448.0
4	3	1	0	10964.0
3	3	1	0	9164.0
2	3	1	0	11312.0
1	3	1	0	11772.0
7	3	0	0	15840.0
6	3	0	0	9242.0
5	3	0	0	10834.0
4	3	0	0	10508.0
3	3	0	0	11016.0
2	3	0	0	11247.0
1	3	0	0	11520.0
7	3	0	0	13704.0
6	3	0	0	7598.0
5	3	1	0	11088.0
4	3	1	0	11957.0
3	3	1	0	11246.0
2	3	1	0	11159.0
1	3	1	0	12313.0
7	3	0	0	15789.0
6	3	0	0	8555.0
5	2	0	0	11655.0
4	2	0	0	11880.0
3	2	0	0	11151.0
2	2	0	0	9769.0
1	2	0	0	10621.0
7	2	0	0	14333.0
6	2	0	0	8516.0
5	2	1	0	12263.0
4	2	1	0	11372.0
3	2	1	0	13307.0
2	2	1	0	11735.0
1	2	1	0	12207.0
7	2	0	0	13870.0
6	2	0	0	8091.0
5	2	0	0	12696.0
4	2	0	0	12616.0
3	2	0	0	11310.0
2	2	0	0	12676.0
1	2	0	0	12432.0
7	2	0	0	15347.0
6	2	0	0	11343.0
5	2	1	0	13561.0
4	2	1	0	13552.0
3	2	1	0	12924.0
2	2	1	0	12350.0
1	2	1	0	13011.0
7	2	0	0	15126.0
6	2	0	0	8482.0
5	1	0	0	11550.0
4	1	0	0	10503.0
3	1	0	0	11005.0
2	1	0	0	11212.0
1	1	0	0	11925.0
7	1	0	0	14910.0
6	1	0	0	9600.0
5	1	1	0	12988.0
4	1	1	0	12314.0
3	1	1	0	11250.0
2	1	1	0	12145.0
1	1	1	0	12286.0
7	1	0	0	13445.0
6	1	0	0	8005.0
5	1	0	0	9981.0
4	1	0	0	9996.0
3	1	0	0	10187.0
2	1	0	0	9700.0
1	1	0	0	10230.0
7	1	0	0	15043.0
6	1	0	0	9814.0
5	1	1	1	12890.0
4	1	1	1	10907.0
3	1	1	1	11927.0
2	1	1	1	12458.0
1	1	1	1	12467.0
7	1	0	1	13117.0
6	1	0	1	7265.0
5	1	0	1	8537.0
4	1	0	1	9459.0
2	12	0	1	8954.0
1	12	0	1	10361.0
7	12	0	1	13858.0
6	12	0	1	8483.0
5	12	0	1	8789.0
2	12	0	1	8055.0
1	12	0	1	10676.0
7	12	0	0	15696.0
6	12	0	0	9748.0
5	12	1	0	13352.0
4	12	1	0	13152.0
3	12	1	0	13251.0
2	12	1	0	12874.0
1	12	1	0	13416.0
7	12	0	0	16200.0
6	12	0	0	10279.0
5	12	0	0	11988.0
4	12	0	0	11689.0
3	12	0	0	10211.0
2	12	0	0	11070.0
1	12	0	0	11761.0
7	12	0	0	14826.0
6	12	0	0	9868.0
5	12	1	0	15494.0
4	12	1	0	14711.0
3	12	1	0	13758.0
2	12	1	0	13622.0
1	12	1	0	13408.0
7	12	0	0	16090.0
6	11	0	0	9537.0
5	11	0	0	12693.0
4	11	0	0	11546.0
3	11	0	0	11239.0
2	11	0	0	10780.0
1	11	0	0	10750.0
7	11	0	0	15244.0
6	11	0	0	8902.0
5	11	1	0	12409.0
4	11	1	0	11862.0
3	11	1	0	11355.0
2	11	1	0	12042.0
1	11	1	0	11607.0
7	11	0	0	15945.0
6	11	0	0	8625.0
5	11	0	0	11004.0
4	11	0	0	9164.0
3	11	0	0	10055.0
2	11	0	0	10170.0
1	11	0	0	10346.0
7	11	0	0	13984.0
6	11	0	0	7392.0
5	11	1	0	11843.0
4	11	1	0	10633.0
3	11	1	0	11413.0
2	11	1	0	12156.0
1	11	1	0	12312.0
7	11	0	0	14448.0
6	11	0	0	8510.0
5	11	0	0	10797.0
4	10	0	0	10574.0
3	10	0	0	10222.0
2	10	0	0	9928.0
1	10	0	0	10661.0
7	10	0	0	14141.0
6	10	0	0	8127.0
5	10	1	1	10867.0
4	10	1	1	10263.0
3	10	1	1	10064.0
2	10	1	1	10442.0
1	10	1	1	11082.0
7	10	0	1	14233.0
6	10	0	1	8593.0
5	10	0	1	9726.0
4	10	0	1	9387.0
3	10	0	1	9858.0
2	10	0	1	10208.0
1	10	0	1	10122.0
7	10	0	0	13523.0
6	10	0	0	9730.0
5	10	1	0	12565.0
4	10	1	0	11449.0
3	10	1	0	11857.0
2	10	1	0	10991.0
1	10	1	0	10653.0
7	10	0	0	13756.0
6	10	0	0	7743.0
5	10	0	0	10575.0
3	10	0	0	10259.0
2	10	0	0	10688.0
1	9	0	0	10817.0
7	9	0	0	13712.0
6	9	0	0	8278.0
5	9	1	0	11254.0
4	9	1	0	9352.0
3	9	1	0	9868.0
2	9	1	0	9531.0
1	9	1	0	10888.0
7	9	0	0	14120.0
6	9	0	0	7436.0
5	9	0	0	9730.0
4	9	0	0	9847.0
3	9	0	0	9938.0
2	9	0	0	9917.0
1	9	0	0	10006.0
7	9	0	0	12054.0
6	9	0	0	8448.0
5	9	1	0	10392.0
4	9	1	0	10938.0
3	9	1	0	10291.0
2	9	1	0	11448.0
1	9	1	0	11450.0
7	9	0	0	13064.0
6	9	0	0	7641.0
5	9	0	0	9460.0
4	9	0	0	9588.0
3	9	0	0	9609.0
2	9	0	0	9433.0
1	9	0	0	9592.0
7	9	0	0	14143.0
6	8	0	0	8012.0
5	8	1	0	10422.0
4	8	1	0	10549.0
3	8	1	0	9791.0
2	8	1	0	10029.0
1	8	1	0	10265.0
7	8	0	0	12983.0
6	8	0	0	8118.0
5	8	0	0	9676.0
4	8	0	0	9596.0
3	8	0	0	9066.0
2	8	0	0	8893.0
1	8	0	0	8951.0
7	8	0	0	13710.0
6	8	0	0	8460.0
5	8	1	1	10665.0
4	8	1	1	9872.0
3	8	1	1	10038.0
2	8	1	1	10109.0
1	8	1	1	10634.0
7	8	0	1	12100.0
6	8	0	1	6616.0
5	8	0	1	9715.0
4	8	0	1	8144.0
3	8	0	1	9125.0
2	8	0	1	10954.0
1	8	0	1	9941.0
7	8	0	1	13536.0
6	8	0	1	7031.0
5	8	1	1	10980.0
4	8	1	1	11271.0
3	7	1	1	10200.0
2	7	1	1	9933.0
1	7	1	1	11209.0
7	7	0	1	12264.0
6	7	0	1	7871.0
5	7	0	1	9038.0
4	7	0	1	9518.0
3	7	0	1	9172.0
2	7	0	1	9378.0
1	7	0	1	10308.0
7	7	0	1	12836.0
6	7	0	1	7751.0
5	7	1	1	10518.0
4	7	1	1	10244.0
3	7	1	1	9695.0
2	7	1	1	10280.0
1	7	1	1	10726.0
7	7	0	1	12851.0
6	7	0	1	7349.0
5	7	0	1	9719.0
4	7	0	1	8763.0
3	7	0	1	9384.0
2	7	0	1	9356.0
1	7	0	1	9656.0
7	7	0	1	12817.0
6	7	0	1	7744.0
5	7	1	0	10375.0
4	7	1	0	10761.0
3	7	1	0	12330.0
2	7	1	0	10956.0
1	7	1	0	10869.0
7	6	0	0	14546.0
6	6	0	0	8440.0
5	6	0	0	9930.0
4	6	0	0	10025.0
3	6	0	0	9858.0
2	6	0	0	9464.0
1	6	0	0	10071.0
7	6	0	0	12785.0
6	6	0	0	6943.0
5	6	1	0	10492.0
4	6	1	0	10351.0
3	6	1	0	11487.0
2	6	1	0	11515.0
1	6	1	0	11646.0
7	6	0	0	13913.0
6	6	0	0	8066.0
5	6	0	0	10455.0
4	6	0	0	9753.0
3	6	0	0	9630.0
2	6	0	0	9910.0
1	6	0	0	10590.0
7	6	0	0	14292.0
6	6	0	0	8246.0
5	6	1	0	10967.0
4	6	1	0	10757.0
3	6	1	0	10654.0
2	6	1	0	10140.0
1	6	1	0	10430.0
7	6	0	0	12421.0
6	6	0	0	7499.0
5	5	1	0	10824.0
3	5	1	0	12356.0
2	5	1	0	10431.0
1	5	1	0	11127.0
7	5	0	0	11607.0
6	5	0	0	7827.0
5	5	0	0	10153.0
4	5	0	0	10814.0
3	5	0	0	10434.0
2	5	0	0	10711.0
7	5	0	0	13429.0
6	5	0	0	8526.0
5	5	1	0	11630.0
4	5	1	0	10620.0
3	5	1	0	9944.0
2	5	1	0	10118.0
1	5	1	0	11104.0
7	5	0	0	12562.0
6	5	0	0	7196.0
5	5	0	0	9594.0
3	5	0	0	10810.0
2	5	0	0	10660.0
1	5	0	0	10568.0
7	5	0	0	12574.0
6	5	0	0	8803.0
5	5	1	0	10923.0
4	5	1	0	11057.0
2	4	1	0	12448.0
1	4	1	0	10383.0
7	4	0	0	11961.0
6	4	0	0	8390.0
5	4	1	0	11651.0
4	4	1	0	9629.0
3	4	1	0	10071.0
2	4	1	0	9906.0
1	4	1	0	10374.0
7	4	0	0	12429.0
6	4	0	0	8300.0
5	4	0	0	8603.0
4	4	0	0	9194.0
3	4	0	0	9108.0
2	4	0	0	8999.0
1	4	0	0	9374.0
7	4	0	0	12236.0
6	4	0	0	8756.0
5	4	1	0	10878.0
4	4	1	0	11334.0
3	4	1	0	10891.0
2	4	1	0	11747.0
1	4	1	0	10815.0
7	4	0	0	11425.0
6	4	0	0	8077.0
5	4	0	1	9293.0
4	4	0	1	9362.0
3	4	0	1	9573.0
2	4	0	1	9749.0
7	3	0	0	11041.0
6	3	0	0	8711.0
4	3	1	1	13129.0
3	3	1	1	11142.0
2	3	1	1	10610.0
1	3	1	1	10713.0
7	3	0	0	11770.0
6	3	0	0	7471.0
5	3	1	0	10595.0
4	3	1	0	10445.0
3	3	1	0	10040.0
2	3	1	0	10011.0
1	3	1	0	10165.0
7	3	0	0	12778.0
6	3	0	0	8229.0
5	3	0	0	11152.0
4	3	0	0	11280.0
3	3	0	0	10413.0
2	3	0	0	10816.0
1	3	0	0	10334.0
7	3	0	0	11663.0
6	3	0	0	6919.0
5	3	1	0	9961.0
4	3	1	0	9538.0
3	3	1	0	8932.0
2	3	1	0	9001.0
1	3	1	0	10157.0
7	3	0	0	11542.0
6	3	0	0	6591.0
5	3	0	0	9599.0
4	2	0	0	9331.0
3	2	0	0	9130.0
2	2	0	0	9174.0
1	2	0	0	9137.0
7	2	0	0	10666.0
6	2	0	0	7034.0
5	2	1	0	9825.0
4	2	1	0	9971.0
3	2	1	0	10035.0
2	2	1	0	10521.0
1	2	1	0	10829.0
7	2	0	0	13526.0
6	2	0	0	8028.0
5	2	0	0	9733.0
4	2	0	0	10784.0
3	2	0	0	10753.0
2	2	0	0	9320.0
1	2	0	0	9721.0
7	2	0	0	11012.0
6	2	0	0	8582.0
5	2	1	0	10827.0
4	2	1	0	0.0
7	1	0	0	6825.0
6	1	0	0	7215.0
5	1	1	0	8428.0
4	1	1	0	6689.0
3	1	1	0	7051.0
2	1	1	0	7559.0
1	1	1	0	6764.0
7	1	0	0	8229.0
6	1	0	0	5465.0
5	1	0	0	6978.0
4	1	0	0	6945.0
3	1	0	0	6681.0
2	1	0	0	6649.0
1	1	0	0	6942.0
7	1	0	0	9247.0
6	1	0	0	6511.0
5	1	1	1	8158.0
4	1	1	1	9235.0
3	1	1	1	7446.0
2	1	1	1	7613.0
1	1	1	1	6910.0
7	1	0	1	7926.0
6	1	0	1	3912.0
5	1	0	1	5567.0
4	1	0	1	5225.0
3	1	0	1	5439.0
