5	7	1	1	11686.0
4	7	1	1	10216.0
3	7	1	1	10191.0
2	7	1	1	11703.0
1	7	1	1	13639.0
6	7	0	0	7797.0
5	7	0	0	7635.0
4	7	0	0	8109.0
3	7	0	0	7590.0
2	7	0	0	7806.0
1	7	0	0	9675.0
6	7	0	0	8321.0
5	7	1	0	8884.0
4	7	1	0	10174.0
3	7	1	0	9927.0
2	7	1	0	11198.0
1	7	1	0	12724.0
6	7	0	0	8292.0
5	7	0	0	8203.0
4	7	0	0	8225.0
3	7	0	0	8251.0
2	7	0	0	7136.0
1	7	0	0	9037.0
6	7	0	0	7420.0
5	7	1	0	9192.0
4	7	1	0	10677.0
3	7	1	0	12183.0
2	6	1	0	13554.0
1	6	1	0	13955.0
6	6	0	0	9039.0
5	6	0	0	6846.0
4	6	0	0	7838.0
3	6	0	0	7949.0
2	6	0	0	8291.0
1	6	0	0	7957.0
6	6	0	0	8852.0
5	6	1	0	9421.0
4	6	1	0	9218.0
3	6	1	0	9862.0
2	6	1	0	10949.0
1	6	1	0	12526.0
6	6	0	0	8152.0
5	6	0	0	6891.0
4	6	0	0	7280.0
3	6	0	0	7287.0
2	6	0	0	7479.0
1	6	0	0	9086.0
6	6	0	0	7597.0
5	6	1	0	12432.0
3	6	1	0	12194.0
2	6	1	0	13449.0
1	6	1	0	15509.0
6	5	0	0	9980.0
5	5	0	0	9085.0
4	5	0	0	8569.0
3	5	0	0	8272.0
2	5	0	0	9177.0
6	5	0	0	8698.0
5	5	1	0	8880.0
4	5	1	0	10023.0
3	5	1	0	9942.0
2	5	1	0	11008.0
1	5	1	0	13220.0
6	5	0	0	8247.0
5	5	0	0	10740.0
3	5	0	0	9080.0
2	5	0	0	8236.0
1	5	0	0	8839.0
6	5	0	0	9020.0
5	5	1	0	10203.0
4	5	1	0	10494.0
3	5	1	0	11193.0
2	5	1	0	11884.0
1	5	1	0	12978.0
6	5	0	0	11976.0
4	4	1	0	13915.0
3	4	1	0	10845.0
2	4	1	0	12099.0
1	4	1	0	12910.0
6	4	0	0	8898.0
5	4	0	0	7490.0
4	4	0	0	8315.0
3	4	0	0	7107.0
2	4	0	0	7358.0
1	4	0	0	8089.0
6	4	0	0	8452.0
5	4	1	0	10357.0
4	4	1	0	9981.0
3	4	1	0	9828.0
2	4	1	0	11607.0
1	4	1	0	14245.0
6	4	0	0	9042.0
5	4	0	1	7925.0
4	4	0	1	8087.0
3	4	0	1	9681.0
2	4	0	1	10581.0
6	4	0	1	12217.0
4	4	1	1	12832.0
3	4	1	1	14538.0
2	3	1	1	13355.0
1	3	1	1	14717.0
6	3	0	0	9100.0
5	3	0	0	7655.0
4	3	0	0	7588.0
3	3	0	0	7068.0
2	3	0	0	7231.0
1	3	0	0	8418.0
6	3	0	0	8820.0
5	3	1	0	9730.0
4	3	1	0	10661.0
3	3	1	0	9750.0
2	3	1	0	10870.0
1	3	1	0	13319.0
6	3	0	0	9915.0
5	3	0	0	8197.0
4	3	0	0	7719.0
3	3	0	0	8898.0
2	3	0	0	8090.0
1	3	0	0	8590.0
6	3	0	0	8794.0
5	3	1	0	9120.0
4	3	1	0	9754.0
3	3	1	0	10908.0
2	3	1	0	11104.0
1	3	1	0	14387.0
6	2	0	0	10438.0
5	2	0	0	8676.0
4	2	0	0	8531.0
3	2	0	0	7097.0
2	2	0	0	7096.0
1	2	0	0	8250.0
6	2	0	0	8407.0
5	2	1	0	8185.0
4	2	1	0	9283.0
3	2	1	0	9554.0
2	2	1	0	10188.0
1	2	1	0	12361.0
6	2	0	0	8965.0
5	2	0	0	7568.0
4	2	0	0	7595.0
3	2	0	0	6792.0
2	2	0	0	7521.0
1	2	0	0	8623.0
6	2	0	0	9445.0
5	2	1	0	9554.0
4	2	1	0	12514.0
3	2	1	0	10965.0
2	2	1	0	10832.0
1	2	1	0	13157.0
6	1	0	0	10282.0
5	1	1	0	11085.0
4	1	1	0	9454.0
3	1	1	0	9776.0
2	1	1	0	12141.0
1	1	1	0	11855.0
6	1	0	0	8736.0
5	1	0	0	7175.0
4	1	0	0	8066.0
3	1	0	0	6740.0
2	1	0	0	7194.0
1	1	0	0	9213.0
6	1	0	0	8940.0
5	1	1	0	9381.0
4	1	1	0	10267.0
3	1	1	0	9220.0
2	1	1	0	10394.0
1	1	1	0	11912.0
6	1	0	0	8521.0
5	1	1	1	9351.0
4	1	1	1	7957.0
3	1	1	1	9540.0
2	1	1	1	13117.0
1	1	1	1	13886.0
6	1	0	1	8262.0
5	1	0	1	9632.0
3	12	0	1	4944.0
2	12	0	1	10650.0
1	12	0	1	12380.0
6	12	0	1	9486.0
3	12	0	1	4587.0
2	12	0	1	14383.0
1	12	0	1	16287.0
6	12	0	0	12985.0
5	12	1	0	12921.0
4	12	1	0	12160.0
3	12	1	0	13077.0
2	12	1	0	14598.0
1	12	1	0	17921.0
6	12	0	0	11466.0
5	12	0	0	10456.0
4	12	0	0	8103.0
3	12	0	0	9207.0
2	12	0	0	9732.0
1	12	0	0	10070.0
6	12	0	0	10316.0
5	12	1	0	13018.0
4	12	1	0	11988.0
3	12	1	0	12963.0
2	12	1	0	12670.0
1	12	1	0	15003.0
6	11	0	0	12265.0
5	11	1	0	13890.0
4	11	1	0	12491.0
3	11	1	0	10496.0
2	11	1	0	12322.0
1	11	1	0	12304.0
6	11	0	0	9403.0
5	11	0	0	8574.0
4	11	0	0	8094.0
3	11	0	0	8115.0
2	11	0	0	8711.0
1	11	0	0	9837.0
6	11	0	0	8692.0
5	11	1	0	9326.0
4	11	1	0	9740.0
3	11	1	0	10347.0
2	11	1	0	11041.0
1	11	1	0	11160.0
6	11	0	0	8830.0
5	11	1	0	9806.0
4	11	1	0	10890.0
3	11	1	0	10915.0
2	11	1	0	11305.0
1	11	1	0	14551.0
6	11	0	0	9811.0
5	10	0	1	9311.0
4	10	0	1	9327.0
3	10	0	1	7849.0
2	10	0	1	8104.0
1	10	0	1	8397.0
6	10	0	1	7652.0
5	10	1	1	9329.0
4	10	1	1	9856.0
3	10	1	1	9820.0
2	10	1	1	10163.0
1	10	1	1	12785.0
6	10	0	0	8923.0
5	10	0	0	7963.0
4	10	0	0	8018.0
3	10	0	0	8070.0
2	10	0	0	8091.0
1	10	0	0	9351.0
6	10	0	0	9107.0
5	10	1	0	10260.0
4	10	1	0	10215.0
3	10	1	0	10126.0
2	10	1	0	10588.0
1	10	1	0	13549.0
6	10	0	0	11124.0
4	10	1	0	11046.0
3	10	1	0	11035.0
2	9	1	0	12040.0
1	9	1	0	11233.0
6	9	0	0	9154.0
5	9	0	0	6933.0
4	9	0	0	6961.0
3	9	0	0	7514.0
2	9	0	0	6945.0
1	9	0	0	8511.0
6	9	0	0	8274.0
5	9	1	0	8341.0
4	9	1	0	11452.0
3	9	1	0	12785.0
2	9	1	0	10055.0
1	9	1	0	11377.0
6	9	0	0	8656.0
5	9	0	0	7137.0
4	9	0	0	7540.0
3	9	0	0	8061.0
2	9	0	0	8242.0
1	9	0	0	7849.0
6	9	0	0	8214.0
5	9	1	1	9240.0
4	9	1	1	9781.0
3	9	1	1	10966.0
2	9	1	1	11107.0
1	9	1	1	12624.0
6	8	0	1	8252.0
5	8	0	1	8404.0
4	8	0	1	7962.0
3	8	0	1	7366.0
2	8	0	1	6832.0
1	8	0	1	8478.0
6	8	0	1	7428.0
5	8	1	1	8118.0
4	8	1	1	9057.0
3	8	1	1	9614.0
2	8	1	1	10568.0
1	8	1	1	11544.0
6	8	0	1	7742.0
5	8	0	1	7127.0
4	8	0	1	7739.0
3	8	0	1	8006.0
2	8	0	1	7867.0
1	8	0	1	9113.0
6	8	0	1	7616.0
5	8	1	1	8754.0
4	8	1	1	9360.0
3	8	1	1	9054.0
2	8	1	1	10698.0
1	8	1	1	12656.0
6	8	0	1	7982.0
5	8	1	1	9770.0
4	7	1	0	10577.0
3	7	1	1	9505.0
2	7	1	1	9845.0
1	7	1	1	10542.0
6	7	0	0	7449.0
5	7	0	0	7704.0
4	7	0	0	7300.0
3	7	0	0	8108.0
2	7	0	0	7923.0
1	7	0	0	9128.0
6	7	0	0	6828.0
5	7	1	0	8612.0
4	7	1	0	8386.0
3	7	1	0	10308.0
2	7	1	0	10900.0
1	7	1	0	11037.0
6	7	0	0	8133.0
5	7	0	0	7100.0
4	7	0	0	7757.0
3	7	0	0	7095.0
2	7	0	0	6676.0
1	7	0	0	7638.0
6	7	0	0	8810.0
5	7	1	0	7383.0
4	7	1	0	9355.0
3	7	1	0	9958.0
2	7	1	0	11511.0
1	6	1	0	12865.0
6	6	0	0	7864.0
5	6	0	0	7791.0
4	6	0	0	6295.0
3	6	0	0	6538.0
2	6	0	0	7751.0
1	6	0	0	8771.0
6	6	0	0	7359.0
5	6	1	0	12505.0
3	6	1	0	10409.0
2	6	1	0	10547.0
1	6	1	0	10836.0
6	6	0	0	8552.0
5	6	0	0	7592.0
4	6	0	0	7728.0
3	6	0	0	7844.0
2	6	0	0	9537.0
6	6	0	0	7638.0
5	6	1	0	9145.0
4	6	1	0	10746.0
3	6	1	0	10059.0
2	6	1	0	11545.0
1	6	1	0	12096.0
6	5	0	0	8132.0
5	5	0	0	11674.0
3	5	0	0	9725.0
2	5	0	0	7496.0
1	5	0	0	7011.0
6	5	0	0	8049.0
5	5	1	0	8804.0
4	5	1	0	8634.0
3	5	1	0	8756.0
2	5	1	0	9615.0
1	5	1	0	10447.0
6	5	0	0	7161.0
5	5	0	0	6831.0
4	5	0	0	6818.0
3	5	0	0	7268.0
2	5	0	0	7173.0
1	5	0	0	8619.0
6	5	0	0	9226.0
5	5	1	0	9604.0
4	5	1	0	9472.0
3	5	1	0	10789.0
2	5	1	0	10601.0
1	5	1	0	11983.0
6	5	0	0	8699.0
5	5	1	0	13449.0
3	4	1	0	11678.0
2	4	1	0	10643.0
1	4	1	0	11093.0
6	4	0	0	5925.0
5	4	0	1	6781.0
4	4	0	1	7527.0
3	4	0	1	6814.0
2	4	0	1	9450.0
6	4	0	1	10026.0
4	4	1	1	10936.0
3	4	1	1	11618.0
2	4	1	1	13264.0
1	4	1	1	13440.0
6	4	0	0	8291.0
5	4	0	0	7892.0
4	4	0	0	7387.0
3	4	0	0	8336.0
2	4	0	0	8334.0
1	4	0	0	8264.0
6	4	0	0	8477.0
5	4	1	0	10073.0
4	4	1	0	9342.0
3	4	1	0	9687.0
2	4	1	0	10555.0
1	3	1	0	11531.0
6	3	0	0	8441.0
5	3	0	0	7305.0
4	3	0	0	6547.0
3	3	0	0	7996.0
2	3	0	0	7565.0
1	3	0	0	9533.0
6	3	0	0	8783.0
5	3	1	0	6381.0
4	3	1	0	6588.0
3	3	1	0	6400.0
2	3	1	0	9774.0
1	3	1	0	11542.0
6	3	0	0	7882.0
5	3	0	0	6868.0
4	3	0	0	6652.0
3	3	0	0	6812.0
2	3	0	0	7677.0
1	3	0	0	7525.0
6	3	0	0	7777.0
5	3	1	0	8363.0
4	3	1	0	10444.0
3	3	1	0	9820.0
2	3	1	0	11518.0
1	3	1	0	13407.0
6	3	0	0	9535.0
5	2	0	0	9150.0
4	2	0	0	7764.0
3	2	0	0	7147.0
2	2	0	0	6738.0
1	2	0	0	8389.0
6	2	0	0	8078.0
5	2	1	0	8967.0
4	2	1	0	8430.0
3	2	1	0	9335.0
2	2	1	0	10120.0
1	2	1	0	11921.0
6	2	0	0	7590.0
5	2	0	0	7623.0
4	2	0	0	7702.0
3	2	0	0	7073.0
2	2	0	0	7393.0
1	2	0	0	8050.0
6	2	0	0	8636.0
5	2	1	0	9182.0
4	2	1	0	9955.0
3	2	1	0	9737.0
2	2	1	0	11007.0
1	2	1	0	13678.0
6	2	0	0	9122.0
5	1	0	0	9232.0
4	1	0	0	7631.0
3	1	0	0	6623.0
2	1	0	0	7452.0
1	1	0	0	7143.0
6	1	0	0	7148.0
5	1	1	0	8790.0
4	1	1	0	8822.0
3	1	1	0	9810.0
2	1	1	0	10409.0
1	1	1	0	12917.0
6	1	0	0	8481.0
5	1	0	0	6612.0
4	1	0	0	7135.0
3	1	0	0	7084.0
2	1	0	0	6888.0
1	1	0	0	7451.0
6	1	0	0	7577.0
5	1	1	1	8837.0
4	1	1	1	9462.0
3	1	1	1	9859.0
2	1	1	1	10425.0
1	1	1	1	13051.0
6	1	0	1	8533.0
5	1	0	1	7974.0
4	1	0	1	9144.0
2	12	0	1	5270.0
1	12	0	1	12508.0
6	12	0	1	8763.0
5	12	0	1	9765.0
2	12	0	1	4980.0
1	12	0	1	15958.0
6	12	0	0	14502.0
5	12	1	0	11545.0
4	12	1	0	13366.0
3	12	1	0	14156.0
2	12	1	0	15109.0
1	12	1	0	18110.0
6	12	0	0	11546.0
5	12	0	0	9080.0
4	12	0	0	9725.0
3	12	0	0	8984.0
2	12	0	0	6264.0
1	12	0	0	9890.0
6	12	0	0	9851.0
5	12	1	0	10760.0
4	12	1	0	12610.0
3	12	1	0	12547.0
2	12	1	0	13568.0
1	12	1	0	14835.0
6	11	0	0	11347.0
5	11	0	0	11395.0
4	11	0	0	9597.0
3	11	0	0	9426.0
2	11	0	0	8354.0
1	11	0	0	9194.0
6	11	0	0	8846.0
5	11	1	0	9269.0
4	11	1	0	8883.0
3	11	1	0	9171.0
2	11	1	0	10291.0
1	11	1	0	13029.0
6	11	0	0	9723.0
5	11	0	0	7297.0
4	11	0	0	7283.0
3	11	0	0	7441.0
2	11	0	0	7756.0
1	11	0	0	9172.0
6	11	0	0	8843.0
5	11	1	0	9191.0
4	11	1	0	8793.0
3	11	1	0	10155.0
2	11	1	0	11459.0
1	11	1	0	11318.0
6	11	0	0	8538.0
5	11	0	0	9015.0
4	10	0	0	9060.0
3	10	0	0	8225.0
2	10	0	0	7675.0
1	10	0	0	8941.0
6	10	0	0	7548.0
5	10	1	1	8393.0
4	10	1	1	9264.0
3	10	1	1	9588.0
2	10	1	1	9611.0
1	10	1	1	12383.0
6	10	0	1	7524.0
5	10	0	1	6983.0
4	10	0	1	7626.0
3	10	0	1	7413.0
2	10	0	1	8003.0
1	10	0	1	10123.0
6	10	0	0	8451.0
5	10	1	0	9324.0
4	10	1	0	8780.0
3	10	1	0	9584.0
2	10	1	0	10537.0
1	10	1	0	12619.0
6	10	0	0	7828.0
5	10	0	0	10389.0
3	10	0	0	7678.0
2	10	0	0	8080.0
1	9	0	0	10189.0
6	9	0	0	8526.0
5	9	1	0	9579.0
4	9	1	0	8292.0
3	9	1	0	9084.0
2	9	1	0	9453.0
1	9	1	0	9132.0
6	9	0	0	7485.0
5	9	0	0	6503.0
4	9	0	0	6796.0
3	9	0	0	6034.0
2	9	0	0	6978.0
1	9	0	0	9839.0
6	9	0	0	7870.0
5	9	1	0	8980.0
4	9	1	0	10664.0
3	9	1	0	9297.0
2	9	1	0	11284.0
1	9	1	0	12169.0
6	9	0	0	7159.0
5	9	0	0	6247.0
4	9	0	0	6307.0
3	9	0	0	7016.0
2	9	0	0	7850.0
1	9	0	0	8403.0
6	8	0	0	10394.0
5	8	1	0	12880.0
4	8	1	0	11859.0
3	8	1	0	14453.0
2	8	1	0	16340.0
1	8	1	0	15092.0
6	8	0	0	7079.0
5	8	0	0	6624.0
4	8	0	0	7628.0
3	8	0	0	5916.0
2	8	0	0	7500.0
1	8	0	0	12046.0
6	8	0	0	6873.0
5	8	1	1	8876.0
4	8	1	1	9796.0
3	8	1	1	10185.0
2	8	1	1	11676.0
1	8	1	1	13705.0
6	8	0	1	6964.0
5	8	0	1	6596.0
4	8	0	1	7543.0
3	8	0	1	8360.0
2	8	0	1	7542.0
1	8	0	1	9629.0
6	8	0	1	7107.0
5	8	1	1	8703.0
4	8	1	1	9069.0
3	7	1	1	10797.0
2	7	1	1	10551.0
1	7	1	1	14016.0
6	7	0	1	6357.0
5	7	0	1	6038.0
4	7	0	1	6273.0
3	7	0	1	6175.0
2	7	0	1	6556.0
1	7	0	1	8152.0
6	7	0	1	6254.0
5	7	1	1	7875.0
4	7	1	1	9165.0
3	7	1	1	9460.0
2	7	1	1	10830.0
1	7	1	1	14049.0
6	7	0	1	7630.0
5	7	0	1	7154.0
4	7	0	1	6352.0
3	7	0	1	6113.0
2	7	0	1	6730.0
1	7	0	1	7634.0
6	7	0	1	6733.0
5	7	1	0	9161.0
4	7	1	0	10664.0
3	7	1	0	9789.0
2	7	1	0	12321.0
1	7	1	0	14091.0
6	6	0	0	7264.0
5	6	0	0	8019.0
4	6	0	0	7509.0
3	6	0	0	7207.0
2	6	0	0	7768.0
1	6	0	0	10806.0
6	6	0	0	7415.0
5	6	1	0	7865.0
4	6	1	0	8221.0
3	6	1	0	7422.0
2	6	1	0	8865.0
1	6	1	0	11884.0
6	6	0	0	7376.0
5	6	0	0	6890.0
4	6	0	0	6760.0
3	6	0	0	6332.0
2	6	0	0	7337.0
1	6	0	0	10469.0
6	6	0	0	8281.0
5	6	1	0	8364.0
4	6	1	0	8445.0
3	6	1	0	8782.0
2	6	1	0	10564.0
1	6	1	0	12171.0
6	6	0	0	8493.0
5	5	1	0	13098.0
3	5	1	0	10199.0
2	5	1	0	10251.0
1	5	1	0	10986.0
6	5	0	0	7288.0
5	5	0	0	7034.0
4	5	0	0	7020.0
3	5	0	0	7863.0
2	5	0	0	8958.0
6	5	0	0	7792.0
5	5	1	0	9679.0
4	5	1	0	8778.0
3	5	1	0	8682.0
2	5	1	0	9612.0
1	5	1	0	10255.0
6	5	0	0	8151.0
5	5	0	0	10179.0
3	5	0	0	8652.0
2	5	0	0	7420.0
1	5	0	0	9087.0
6	5	0	0	8336.0
5	5	1	0	10247.0
4	5	1	0	12218.0
2	4	1	0	13269.0
1	4	1	0	12657.0
6	4	0	0	8220.0
5	4	1	0	8303.0
4	4	1	0	8176.0
3	4	1	0	8592.0
2	4	1	0	9127.0
1	4	1	0	12662.0
6	4	0	0	7540.0
5	4	0	0	6288.0
4	4	0	0	6274.0
3	4	0	0	5678.0
2	4	0	0	8252.0
1	4	0	0	9297.0
6	4	0	0	8188.0
5	4	1	0	8750.0
4	4	1	0	8283.0
3	4	1	0	9215.0
2	4	1	0	9972.0
1	4	1	0	13429.0
6	4	0	0	8167.0
5	4	0	1	7516.0
4	4	0	1	7569.0
3	4	0	1	7436.0
2	4	0	1	9989.0
6	3	0	0	11708.0
4	3	1	1	11498.0
3	3	1	1	10218.0
2	3	1	1	11595.0
1	3	1	1	12227.0
6	3	0	0	8559.0
5	3	1	0	8946.0
4	3	1	0	9183.0
3	3	1	0	8983.0
2	3	1	0	10663.0
1	3	1	0	14604.0
6	3	0	0	9686.0
5	3	0	0	7735.0
4	3	0	0	7744.0
3	3	0	0	7606.0
2	3	0	0	7394.0
1	3	0	0	10618.0
6	3	0	0	7317.0
5	3	1	0	9210.0
4	3	1	0	9147.0
3	3	1	0	9195.0
2	3	1	0	12748.0
1	3	1	0	13523.0
6	3	0	0	9145.0
5	3	0	0	8147.0
4	2	0	0	8281.0
3	2	0	0	6687.0
2	2	0	0	7403.0
1	2	0	0	7854.0
6	2	0	0	7735.0
5	2	1	0	9435.0
4	2	1	0	8888.0
3	2	1	0	9988.0
2	2	1	0	10386.0
1	2	1	0	12735.0
6	2	0	0	8031.0
5	2	0	0	6957.0
4	2	0	0	8420.0
3	2	0	0	6608.0
2	2	0	0	6632.0
1	2	0	0	8239.0
6	2	0	0	9239.0
5	2	1	0	9437.0
4	2	1	0	9472.0
3	2	1	0	8808.0
2	2	1	0	10540.0
1	2	1	0	12875.0
6	2	0	0	9050.0
5	2	0	0	8196.0
4	1	0	0	8147.0
3	1	0	0	6641.0
2	1	0	0	6704.0
1	1	0	0	9586.0
6	1	0	0	7603.0
5	1	1	0	9289.0
4	1	1	0	9621.0
3	1	1	0	9296.0
2	1	1	0	8781.0
1	1	1	0	10305.0
6	1	0	0	8160.0
5	1	0	0	7726.0
4	1	0	0	7431.0
3	1	0	0	6059.0
2	1	0	0	8984.0
1	1	0	0	11351.0
6	1	0	0	7531.0
5	1	1	1	8789.0
4	1	1	1	9108.0
3	1	1	1	8860.0
2	1	1	1	10312.0
1	1	1	1	14433.0
6	1	0	1	7343.0
5	1	0	1	7472.0
4	1	0	1	7000.0
3	1	0	1	8662.0
