5	7	1	1	11506.0
4	7	1	1	10708.0
3	7	1	1	9435.0
2	7	1	1	11052.0
1	7	1	1	13079.0
6	7	0	0	6721.0
5	7	0	1	7672.0
4	7	0	1	8329.0
3	7	0	1	7198.0
2	7	0	1	8375.0
1	7	0	1	8790.0
6	7	0	0	8472.0
5	7	1	1	10190.0
4	7	1	1	10978.0
3	7	1	1	11196.0
2	7	1	1	12506.0
1	7	1	1	14693.0
6	7	0	0	7491.0
5	7	0	1	7652.0
4	7	0	1	8347.0
3	7	0	1	8945.0
2	7	0	1	8698.0
1	7	0	1	9596.0
6	7	0	0	8318.0
5	7	1	1	11747.0
4	7	1	1	11285.0
3	7	1	1	12362.0
2	6	1	1	13493.0
1	6	1	1	16543.0
6	6	0	0	8833.0
5	6	0	0	8799.0
4	6	0	0	8846.0
3	6	0	0	8453.0
2	6	0	0	8269.0
1	6	0	0	8840.0
6	6	0	0	8551.0
5	6	1	0	10534.0
4	6	1	0	12759.0
3	6	1	0	12346.0
2	6	1	0	13077.0
1	6	1	0	16534.0
6	6	0	0	8528.0
5	6	0	0	9235.0
4	6	0	0	9277.0
3	6	0	0	8848.0
2	6	0	0	9893.0
1	6	0	0	10658.0
6	6	0	0	8114.0
5	6	1	0	13057.0
3	6	1	0	13231.0
2	6	1	0	13319.0
1	6	1	0	17096.0
6	5	0	0	9541.0
5	5	0	0	10898.0
4	5	0	0	9106.0
3	5	0	0	9057.0
2	5	0	1	10244.0
6	5	0	0	8501.0
5	5	1	0	10710.0
4	5	1	0	11880.0
3	5	1	0	11803.0
2	5	1	0	12431.0
1	5	1	0	14359.0
6	5	0	0	9320.0
5	5	0	0	10836.0
3	5	0	0	10462.0
2	5	0	0	9364.0
1	5	0	0	8802.0
6	5	0	0	9603.0
5	5	1	0	12120.0
4	5	1	0	11417.0
3	5	1	0	12197.0
2	5	1	0	12310.0
1	5	1	0	14152.0
6	5	0	0	11210.0
4	4	1	0	15525.0
3	4	1	0	12336.0
2	4	1	0	12584.0
1	4	1	0	15342.0
6	4	0	0	8313.0
5	4	0	0	8565.0
4	4	0	0	8448.0
3	4	0	0	7981.0
2	4	0	0	8794.0
1	4	0	0	9307.0
6	4	0	0	8203.0
5	4	1	0	12178.0
4	4	1	0	11913.0
3	4	1	0	10303.0
2	4	1	0	12462.0
1	4	1	0	16471.0
6	4	0	0	8343.0
5	4	0	1	9505.0
4	4	0	1	8992.0
3	4	0	1	9201.0
2	4	0	1	9921.0
6	4	0	0	12304.0
4	4	1	1	14956.0
3	4	1	1	14820.0
2	3	1	1	13051.0
1	3	1	1	16969.0
6	3	0	0	9230.0
5	3	0	0	9250.0
4	3	0	0	9116.0
3	3	0	0	7939.0
2	3	0	0	8795.0
1	3	0	0	8357.0
6	3	0	0	8479.0
5	3	1	0	11661.0
4	3	1	0	11752.0
3	3	1	0	10516.0
2	3	1	0	11496.0
1	3	1	0	14926.0
6	3	0	0	8979.0
5	3	0	0	9287.0
4	3	0	0	8894.0
3	3	0	0	7244.0
2	3	0	0	8624.0
1	3	0	0	8861.0
6	3	0	0	7874.0
5	3	1	0	11648.0
4	3	1	0	11764.0
3	3	1	0	12553.0
2	3	1	0	12573.0
1	3	1	0	15412.0
6	2	0	0	10138.0
5	2	0	0	9881.0
4	2	0	0	8651.0
3	2	0	0	7751.0
2	2	0	0	8166.0
1	2	0	0	8307.0
6	2	0	0	8148.0
5	2	1	0	11184.0
4	2	1	0	11748.0
3	2	1	0	12412.0
2	2	1	0	12512.0
1	2	1	0	13269.0
6	2	0	0	9218.0
5	2	0	0	9266.0
4	2	0	0	8952.0
3	2	0	0	8181.0
2	2	0	0	7959.0
1	2	0	0	8189.0
6	2	0	0	8601.0
5	2	1	0	11694.0
4	2	1	0	10353.0
3	2	1	0	11587.0
2	2	1	0	12961.0
1	2	1	0	15209.0
6	1	0	0	9235.0
5	1	1	0	11575.0
4	1	1	0	11056.0
3	1	1	0	10239.0
2	1	1	0	12211.0
1	1	1	0	14456.0
6	1	0	0	7134.0
5	1	0	0	7855.0
4	1	0	0	8416.0
3	1	0	0	8247.0
2	1	0	0	8236.0
1	1	0	0	8722.0
6	1	0	0	8427.0
5	1	1	0	11575.0
4	1	1	0	10704.0
3	1	1	0	11075.0
2	1	1	0	10895.0
1	1	1	0	13339.0
6	1	0	0	7693.0
5	1	1	0	10708.0
4	1	1	0	8546.0
3	1	1	0	11887.0
2	1	1	1	12121.0
1	1	1	1	15635.0
6	1	0	0	8286.0
5	1	0	1	10021.0
3	12	0	1	6923.0
2	12	0	1	11883.0
1	12	0	1	11115.0
6	12	0	0	8062.0
3	12	0	1	6935.0
2	12	0	1	16327.0
1	12	0	1	15653.0
6	12	0	0	12515.0
5	12	1	0	14091.0
4	12	1	0	15448.0
3	12	1	0	14142.0
2	12	1	0	16064.0
1	12	1	0	18647.0
6	12	0	0	10794.0
5	12	0	0	9708.0
4	12	0	0	9728.0
3	12	0	0	8583.0
2	12	0	0	9297.0
1	12	0	0	9602.0
6	12	0	0	9762.0
5	12	1	0	14440.0
4	12	1	0	13156.0
3	12	1	0	12934.0
2	12	1	0	14214.0
1	12	1	0	16674.0
6	11	0	0	11501.0
5	11	1	0	13599.0
4	11	1	0	13384.0
3	11	1	0	11881.0
2	11	1	0	13348.0
1	11	1	0	14779.0
6	11	0	0	9515.0
5	11	0	0	9119.0
4	11	0	0	9241.0
3	11	0	0	8494.0
2	11	0	0	9227.0
1	11	0	0	9409.0
6	11	0	0	9817.0
5	11	1	0	11530.0
4	11	1	0	10835.0
3	11	1	0	11762.0
2	11	1	0	10686.0
1	11	1	0	13402.0
6	11	0	0	9204.0
5	11	1	0	11875.0
4	11	1	0	10838.0
3	11	1	0	12846.0
2	11	1	0	13074.0
1	11	1	0	17088.0
5	10	0	0	12090.0
4	10	0	0	9113.0
3	10	0	0	8322.0
2	10	0	0	8491.0
1	10	0	0	8786.0
6	10	0	0	8590.0
5	10	1	0	10246.0
4	10	1	0	11040.0
3	10	1	0	10004.0
2	10	1	0	10816.0
1	10	1	0	14482.0
6	10	0	0	8037.0
5	10	0	1	8291.0
4	10	0	1	8397.0
3	10	0	1	7376.0
2	10	0	1	8081.0
1	10	0	1	8628.0
6	10	0	0	7596.0
5	10	1	1	9744.0
4	10	1	1	9948.0
3	10	1	1	11050.0
2	10	1	1	11052.0
1	10	1	1	14743.0
6	10	0	0	9730.0
4	10	1	0	12300.0
3	10	1	0	12791.0
2	9	1	0	14648.0
1	9	1	0	14755.0
6	9	0	0	8295.0
5	9	0	0	8468.0
4	9	0	0	7699.0
3	9	0	0	7419.0
2	9	0	0	7721.0
1	9	0	0	8275.0
6	9	0	0	7794.0
5	9	1	0	10370.0
4	9	1	0	10152.0
3	9	1	0	10113.0
2	9	1	0	11487.0
1	9	1	0	13839.0
6	9	0	0	7595.0
5	9	0	0	8310.0
4	9	0	0	8176.0
3	9	0	0	8579.0
2	9	0	0	8170.0
1	9	0	0	8530.0
6	9	0	0	8325.0
5	9	1	0	10709.0
4	9	1	0	11290.0
3	9	1	0	12504.0
2	9	1	0	12774.0
1	9	1	0	17256.0
6	8	0	0	9284.0
5	8	0	0	9855.0
4	8	0	0	8968.0
3	8	0	0	7522.0
2	8	0	0	7866.0
1	8	0	0	8706.0
6	8	0	0	7221.0
5	8	1	0	9720.0
4	8	1	0	10085.0
3	8	1	0	10832.0
2	8	1	1	11917.0
1	8	1	1	15559.0
6	8	0	0	8386.0
5	8	0	1	7632.0
4	8	0	1	7330.0
3	8	0	1	7805.0
2	8	0	1	7945.0
1	8	0	1	8519.0
6	8	0	0	7633.0
5	8	1	1	9873.0
4	8	1	1	10205.0
3	8	1	1	9992.0
2	8	1	1	11330.0
1	8	1	1	14419.0
6	8	0	0	8216.0
5	8	1	1	11484.0
4	7	1	1	11733.0
3	7	1	1	10764.0
2	7	1	1	10676.0
1	7	1	1	14176.0
6	7	0	0	7476.0
5	7	0	1	8174.0
4	7	0	1	8413.0
3	7	0	1	7655.0
2	7	0	1	9243.0
1	7	0	1	8435.0
6	7	0	0	7364.0
5	7	1	1	9530.0
4	7	1	1	10211.0
3	7	1	1	10748.0
2	7	1	1	12256.0
1	7	1	1	15060.0
6	7	0	0	8273.0
5	7	0	1	9416.0
4	7	0	1	8989.0
3	7	0	1	7022.0
2	7	0	1	7767.0
1	7	0	1	9236.0
6	7	0	0	8431.0
5	7	1	0	10639.0
4	7	1	0	11295.0
3	7	1	0	12715.0
2	7	1	0	14925.0
1	6	1	0	17822.0
6	6	0	0	9056.0
5	6	0	0	8389.0
4	6	0	0	6600.0
3	6	0	0	8229.0
2	6	0	0	8500.0
1	6	0	0	9364.0
6	6	0	0	8022.0
5	6	1	0	13633.0
3	6	1	0	13305.0
2	6	1	0	12919.0
1	6	1	0	15546.0
6	6	0	0	8546.0
5	6	0	0	9234.0
4	6	0	0	9543.0
3	6	0	0	9174.0
2	6	0	1	9005.0
6	6	0	0	8585.0
5	6	1	0	12333.0
4	6	1	0	11428.0
3	6	1	0	12790.0
2	6	1	0	12489.0
1	6	1	0	15938.0
6	5	0	0	8330.0
5	5	0	0	12245.0
3	5	0	0	10269.0
2	5	0	0	8010.0
1	5	0	0	8785.0
6	5	0	0	8006.0
5	5	1	0	10605.0
4	5	1	0	9546.0
3	5	1	0	11516.0
2	5	1	0	11896.0
1	5	1	0	14705.0
6	5	0	0	7864.0
5	5	0	0	8569.0
4	5	0	0	7573.0
3	5	0	0	7708.0
2	5	0	0	8472.0
1	5	0	0	8501.0
6	5	0	0	9282.0
5	5	1	0	11204.0
4	5	1	0	11207.0
3	5	1	0	10782.0
2	5	1	0	12043.0
1	5	1	0	14466.0
6	5	0	0	9387.0
5	5	1	0	15038.0
3	4	1	0	14132.0
2	4	1	0	13071.0
1	4	1	0	15245.0
6	4	0	0	7752.0
5	4	0	1	7957.0
4	4	0	1	7656.0
3	4	0	1	7606.0
2	4	0	1	9480.0
6	4	0	0	10886.0
4	4	1	1	12898.0
3	4	1	1	12415.0
2	4	1	1	13929.0
1	4	1	1	15758.0
6	4	0	0	8482.0
5	4	0	0	9009.0
4	4	0	0	9259.0
3	4	0	0	9045.0
2	4	0	0	8483.0
1	4	0	0	9743.0
6	4	0	0	8585.0
5	4	1	0	11093.0
4	4	1	0	12299.0
3	4	1	0	11072.0
2	4	1	0	12883.0
1	3	1	0	16469.0
6	3	0	0	8403.0
5	3	0	0	8415.0
4	3	0	0	8078.0
3	3	0	0	7442.0
2	3	0	0	7786.0
1	3	0	0	8399.0
6	3	0	0	8279.0
5	3	1	0	10274.0
4	3	1	0	9385.0
3	3	1	0	10471.0
2	3	1	0	10387.0
1	3	1	0	13907.0
6	3	0	0	8530.0
5	3	0	0	8326.0
4	3	0	0	7783.0
3	3	0	0	7626.0
2	3	0	0	8347.0
1	3	0	0	7904.0
6	3	0	0	7978.0
5	3	1	0	10957.0
4	3	1	0	11287.0
3	3	1	0	12491.0
2	3	1	0	14079.0
1	3	1	0	14685.0
6	3	0	0	8199.0
5	2	0	0	10153.0
4	2	0	0	8498.0
3	2	0	0	8215.0
2	2	0	0	7678.0
1	2	0	0	8249.0
6	2	0	0	7979.0
5	2	1	0	10123.0
4	2	1	0	9834.0
3	2	1	0	10844.0
2	2	1	0	11645.0
1	2	1	0	15352.0
6	2	0	0	8635.0
5	2	0	0	8986.0
4	2	0	0	8192.0
3	2	0	0	8120.0
2	2	0	0	8512.0
1	2	0	0	8456.0
6	2	0	0	8775.0
5	2	1	0	9831.0
4	2	1	0	11138.0
3	2	1	0	11211.0
2	2	1	0	14071.0
1	2	1	0	18162.0
6	2	0	0	8433.0
5	1	0	0	9634.0
4	1	0	0	8521.0
3	1	0	0	8481.0
2	1	0	0	7809.0
1	1	0	0	8195.0
6	1	0	0	7621.0
5	1	1	0	11675.0
4	1	1	0	10255.0
3	1	1	0	11582.0
2	1	1	0	13091.0
1	1	1	0	16597.0
6	1	0	0	8518.0
5	1	0	0	8546.0
4	1	0	0	8710.0
3	1	0	0	7796.0
2	1	0	0	7821.0
1	1	0	0	8462.0
6	1	0	0	7954.0
5	1	1	0	10542.0
4	1	1	0	10265.0
3	1	1	0	11102.0
2	1	1	1	12475.0
1	1	1	1	16775.0
6	1	0	0	8503.0
5	1	0	1	8920.0
4	1	0	1	8737.0
2	12	0	1	6487.0
1	12	0	1	11461.0
6	12	0	0	8460.0
5	12	0	1	9437.0
2	12	0	1	6844.0
1	12	0	1	16169.0
6	12	0	0	12472.0
5	12	1	0	14811.0
4	12	1	0	12733.0
3	12	1	0	15678.0
2	12	1	0	15577.0
1	12	1	0	21234.0
6	12	0	0	9398.0
5	12	0	0	9377.0
4	12	0	0	9598.0
3	12	0	0	9010.0
2	12	0	0	9093.0
1	12	0	0	9960.0
6	12	0	0	8477.0
5	12	1	0	11039.0
4	12	1	0	13310.0
3	12	1	0	13447.0
2	12	1	0	14838.0
1	12	1	0	17761.0
6	11	0	0	10051.0
5	11	0	0	10497.0
4	11	0	0	9183.0
3	11	0	0	7922.0
2	11	0	0	8389.0
1	11	0	0	9005.0
6	11	0	0	8242.0
5	11	1	0	9714.0
4	11	1	0	10296.0
3	11	1	0	10654.0
2	11	1	0	11873.0
1	11	1	0	15548.0
6	11	0	0	8830.0
5	11	0	0	9385.0
4	11	0	0	8249.0
3	11	0	0	8042.0
2	11	0	0	8566.0
1	11	0	0	8596.0
6	11	0	0	8453.0
5	11	1	0	11411.0
4	11	1	0	9958.0
3	11	1	0	11257.0
2	11	1	0	13797.0
1	11	1	0	14201.0
6	11	0	0	10185.0
4	10	0	1	10427.0
3	10	0	1	8726.0
2	10	0	1	7401.0
1	10	0	1	7646.0
6	10	0	0	7127.0
5	10	1	1	9527.0
4	10	1	1	9987.0
3	10	1	1	9677.0
2	10	1	1	10181.0
1	10	1	1	13360.0
6	10	0	0	7610.0
5	10	0	0	8079.0
4	10	0	0	8169.0
3	10	0	0	8119.0
2	10	0	0	8096.0
1	10	0	0	8024.0
6	10	0	0	8466.0
5	10	1	0	10738.0
4	10	1	0	10388.0
3	10	1	0	11130.0
2	10	1	0	12707.0
1	10	1	0	16635.0
6	10	0	0	7509.0
5	10	0	0	10031.0
3	10	0	0	10304.0
2	10	0	0	9072.0
1	9	0	0	9559.0
6	9	0	0	7824.0
5	9	1	0	10485.0
4	9	1	0	9662.0
3	9	1	0	9732.0
2	9	1	0	11115.0
1	9	1	0	12641.0
6	9	0	0	6889.0
5	9	0	0	7869.0
4	9	0	0	7589.0
3	9	0	0	7048.0
2	9	0	0	7866.0
1	9	0	0	8191.0
6	9	0	0	6734.0
5	9	1	0	10370.0
4	9	1	0	11032.0
3	9	1	0	9576.0
2	9	1	0	12247.0
1	9	1	0	15083.0
6	9	0	0	7789.0
5	9	0	0	7920.0
4	9	0	0	7902.0
3	9	0	0	7948.0
2	9	0	1	7870.0
1	9	0	1	8595.0
6	8	0	0	8021.0
5	8	1	1	11434.0
4	8	1	1	10109.0
3	8	1	1	9294.0
2	8	1	1	10525.0
1	8	1	1	13618.0
6	8	0	0	6017.0
5	8	0	1	7049.0
4	8	0	1	7933.0
3	8	0	1	7472.0
2	8	0	1	6460.0
1	8	0	1	7713.0
6	8	0	0	7031.0
5	8	1	1	9110.0
4	8	1	1	10342.0
3	8	1	1	10413.0
2	8	1	1	11810.0
1	8	1	1	14582.0
6	8	0	0	7168.0
5	8	0	1	8019.0
4	8	0	1	7784.0
3	8	0	1	7908.0
2	8	0	1	8494.0
1	8	0	1	8269.0
6	8	0	0	8012.0
5	8	1	1	9632.0
4	8	1	1	10350.0
3	7	1	1	12188.0
2	7	1	1	12414.0
1	7	1	1	15585.0
6	7	0	0	6906.0
5	7	0	1	7704.0
4	7	0	1	7834.0
3	7	0	1	7178.0
2	7	0	1	7277.0
1	7	0	1	7964.0
6	7	0	0	7902.0
5	7	1	0	11502.0
4	7	1	0	11977.0
3	7	1	0	12155.0
2	7	1	0	14405.0
1	7	1	0	17470.0
6	7	0	0	8520.0
5	7	0	0	9201.0
4	7	0	0	8467.0
3	7	0	0	8284.0
2	7	0	0	8215.0
1	7	0	0	8674.0
6	7	0	0	7409.0
5	7	1	0	11064.0
4	7	1	0	11042.0
3	7	1	0	10901.0
2	7	1	0	12417.0
1	7	1	0	16258.0
6	6	0	0	7943.0
5	6	0	0	9231.0
4	6	0	0	8072.0
3	6	0	0	7611.0
2	6	0	0	8314.0
1	6	0	0	8536.0
6	6	0	0	8405.0
5	6	1	0	10990.0
4	6	1	0	9413.0
3	6	1	0	9324.0
2	6	1	0	10232.0
1	6	1	0	14804.0
6	6	0	0	7727.0
5	6	0	0	8765.0
4	6	0	0	7903.0
3	6	0	0	8133.0
2	6	0	0	8835.0
1	6	0	0	9279.0
6	6	0	0	7936.0
5	6	1	0	10322.0
4	6	1	0	10414.0
3	6	1	0	11171.0
2	6	1	0	11731.0
1	6	1	0	14994.0
6	6	0	0	8771.0
5	5	1	0	14920.0
3	5	1	0	11843.0
2	5	1	0	11014.0
1	5	1	0	13508.0
6	5	0	0	8363.0
5	5	0	0	8653.0
4	5	0	0	8202.0
3	5	0	0	8258.0
2	5	0	1	9294.0
6	5	0	0	8582.0
5	5	1	0	11185.0
4	5	1	0	10268.0
3	5	1	0	10863.0
2	5	1	0	11738.0
1	5	1	0	13480.0
6	5	0	0	8161.0
5	5	0	0	11229.0
3	5	0	0	10168.0
2	5	0	0	9121.0
1	5	0	0	9221.0
6	5	0	0	8168.0
5	5	1	0	11077.0
4	5	1	0	12960.0
2	4	1	0	13689.0
1	4	1	0	13610.0
6	4	0	0	7937.0
5	4	1	0	10372.0
4	4	1	0	8871.0
3	4	1	0	9153.0
2	4	1	0	11407.0
1	4	1	0	13661.0
6	4	0	0	7259.0
5	4	0	0	7600.0
4	4	0	0	7754.0
3	4	0	0	7325.0
2	4	0	0	7951.0
1	4	0	0	7546.0
6	4	0	0	7679.0
5	4	1	0	10128.0
4	4	1	0	10146.0
3	4	1	0	10549.0
2	4	1	0	11613.0
1	4	1	0	14827.0
6	4	0	0	7499.0
5	4	0	1	8630.0
4	4	0	1	8450.0
3	4	0	1	8743.0
2	4	0	1	10113.0
6	3	0	0	11096.0
4	3	1	1	13873.0
3	3	1	1	11730.0
2	3	1	1	12722.0
1	3	1	1	14943.0
6	3	0	0	7305.0
5	3	1	0	10727.0
4	3	1	0	10983.0
3	3	1	0	8816.0
2	3	1	0	12178.0
1	3	1	0	14866.0
6	3	0	0	8335.0
5	3	0	0	8509.0
4	3	0	0	8326.0
3	3	0	0	8124.0
2	3	0	0	6310.0
1	3	0	0	8689.0
6	3	0	0	7318.0
5	3	1	0	10489.0
4	3	1	0	11230.0
3	3	1	0	10401.0
2	3	1	0	12364.0
1	3	1	0	15707.0
6	3	0	0	8326.0
5	3	0	0	8998.0
4	2	0	0	9361.0
3	2	0	0	8262.0
2	2	0	0	7438.0
1	2	0	0	7321.0
6	2	0	0	7112.0
5	2	1	0	10300.0
4	2	1	0	9832.0
3	2	1	0	10231.0
2	2	1	0	10865.0
1	2	1	0	17120.0
6	2	0	0	8100.0
5	2	0	0	8380.0
4	2	0	0	9070.0
3	2	0	0	7679.0
2	2	0	0	8189.0
1	2	0	0	6731.0
6	2	0	0	8210.0
5	2	1	0	10186.0
4	2	1	0	11294.0
3	2	1	0	8808.0
2	2	1	0	12271.0
1	2	1	0	16085.0
6	2	0	0	8911.0
5	2	0	0	9692.0
4	1	0	0	8922.0
3	1	0	0	7791.0
2	1	0	0	7708.0
1	1	0	0	7736.0
6	1	0	0	7034.0
5	1	1	0	10974.0
4	1	1	0	9877.0
3	1	1	0	9181.0
2	1	1	0	12709.0
1	1	1	0	12684.0
6	1	0	0	8329.0
5	1	0	0	8136.0
4	1	0	0	7049.0
3	1	0	0	6951.0
2	1	0	0	6802.0
1	1	0	0	7445.0
6	1	0	0	8472.0
5	1	1	0	10648.0
4	1	1	0	10613.0
3	1	1	0	9541.0
2	1	1	0	11069.0
1	1	1	0	16075.0
6	1	0	0	7812.0
5	1	0	1	7961.0
4	1	0	1	8404.0
3	1	0	1	9129.0
