5	7	1	1	9329.0
4	7	1	1	8869.0
3	7	1	1	8862.0
2	7	1	1	8841.0
1	7	1	1	8960.0
6	7	0	0	2969.0
5	7	0	1	6087.0
4	7	0	1	5465.0
3	7	0	1	6165.0
2	7	0	1	5583.0
1	7	0	1	7047.0
6	7	0	0	4270.0
5	7	1	1	8432.0
4	7	1	1	8819.0
3	7	1	1	10337.0
2	7	1	1	8804.0
1	7	1	1	10583.0
6	7	0	0	4067.0
5	7	0	1	7892.0
4	7	0	1	7421.0
3	7	0	1	6547.0
2	7	0	1	6013.0
1	7	0	1	7454.0
6	7	0	0	4077.0
5	7	1	1	9887.0
4	7	1	1	8494.0
3	7	1	1	10218.0
2	6	1	1	11304.0
1	6	1	1	13094.0
6	6	0	0	4669.0
5	6	0	0	7098.0
4	6	0	0	6792.0
3	6	0	0	6426.0
2	6	0	0	6149.0
1	6	0	0	5763.0
6	6	0	0	4734.0
5	6	1	0	8960.0
4	6	1	0	9503.0
3	6	1	0	9495.0
2	6	1	0	11644.0
1	6	1	0	12528.0
6	6	0	0	4488.0
5	6	0	0	7674.0
4	6	0	0	6654.0
3	6	0	0	7184.0
2	6	0	0	7366.0
1	6	0	0	7221.0
6	6	0	0	4419.0
5	6	1	0	11540.0
3	6	1	0	9879.0
2	6	1	0	11427.0
1	6	1	0	13283.0
6	5	0	0	5385.0
5	5	0	0	9151.0
4	5	0	0	7300.0
3	5	0	0	6458.0
2	5	0	1	7421.0
6	5	0	0	4576.0
5	5	1	0	9978.0
4	5	1	0	8201.0
3	5	1	0	8834.0
2	5	1	0	9622.0
1	5	1	0	11571.0
6	5	0	0	4112.0
5	5	0	0	8482.0
3	5	0	0	8373.0
2	5	0	0	6648.0
1	5	0	0	7409.0
6	5	0	0	4893.0
5	5	1	0	10006.0
4	5	1	0	9148.0
3	5	1	0	9830.0
2	5	1	0	9861.0
1	5	1	0	12565.0
6	5	0	0	6334.0
4	4	1	0	10057.0
3	4	1	0	10246.0
2	4	1	0	10156.0
1	4	1	0	11363.0
6	4	0	0	4409.0
5	4	0	0	6557.0
4	4	0	0	6284.0
3	4	0	0	6214.0
2	4	0	0	6944.0
1	4	0	0	6926.0
6	4	0	0	5040.0
5	4	1	0	9602.0
4	4	1	0	8240.0
3	4	1	0	9103.0
2	4	1	0	9927.0
1	4	1	0	12612.0
6	4	0	0	4156.0
5	4	0	1	7212.0
4	4	0	1	6779.0
3	4	0	1	6652.0
2	4	0	1	7805.0
6	4	0	0	6192.0
4	4	1	1	11634.0
3	4	1	1	11543.0
2	3	1	1	11191.0
1	3	1	1	13442.0
6	3	0	0	4753.0
5	3	0	0	7740.0
4	3	0	0	6793.0
3	3	0	0	6525.0
2	3	0	0	6745.0
1	3	0	0	7282.0
6	3	0	0	3166.0
5	3	1	0	9499.0
4	3	1	0	8060.0
3	3	1	0	9097.0
2	3	1	0	10077.0
1	3	1	0	12038.0
6	3	0	0	4530.0
5	3	0	0	7356.0
4	3	0	0	6857.0
3	3	0	0	6828.0
2	3	0	0	6772.0
1	3	0	0	7717.0
6	3	0	0	4289.0
5	3	1	0	10155.0
4	3	1	0	9222.0
3	3	1	0	10401.0
2	3	1	0	9492.0
1	3	1	0	11885.0
6	2	0	0	4761.0
5	2	0	0	7630.0
4	2	0	0	6610.0
3	2	0	0	5995.0
2	2	0	0	6405.0
1	2	0	0	5054.0
6	2	0	0	4351.0
5	2	1	0	8222.0
4	2	1	0	9640.0
3	2	1	0	9926.0
2	2	1	0	10774.0
1	2	1	0	6049.0
6	2	0	0	4811.0
5	2	0	0	7892.0
4	2	0	0	6431.0
3	2	0	0	8009.0
2	2	0	0	6566.0
1	2	0	0	5874.0
6	2	0	0	4799.0
5	2	1	0	9279.0
4	2	1	0	8642.0
3	2	1	0	8963.0
2	2	1	0	8658.0
1	2	1	0	8034.0
6	1	0	0	4832.0
5	1	1	0	10264.0
4	1	1	0	9053.0
3	1	1	0	8355.0
2	1	1	0	9849.0
1	1	1	0	10018.0
6	1	0	0	2534.0
5	1	0	0	6867.0
4	1	0	0	5772.0
3	1	0	0	5772.0
2	1	0	0	5828.0
1	1	0	0	6211.0
6	1	0	0	4439.0
5	1	1	0	9216.0
4	1	1	0	7774.0
3	1	1	0	8294.0
2	1	1	0	8260.0
1	1	1	0	11103.0
6	1	0	0	4442.0
5	1	1	0	8729.0
4	1	1	0	5646.0
3	1	1	0	8576.0
2	1	1	1	9442.0
1	1	1	1	10542.0
6	1	0	0	3849.0
5	1	0	1	7133.0
3	12	0	1	4932.0
2	12	0	1	7958.0
1	12	0	1	7286.0
6	12	0	0	3417.0
3	12	0	1	7112.0
2	12	0	1	13038.0
1	12	0	1	13028.0
6	12	0	0	6941.0
5	12	1	0	11931.0
4	12	1	0	12724.0
3	12	1	0	10913.0
2	12	1	0	13886.0
1	12	1	0	14044.0
6	12	0	0	5077.0
5	12	0	0	8210.0
4	12	0	0	7102.0
3	12	0	0	7985.0
2	12	0	0	7708.0
1	12	0	0	7132.0
6	12	0	0	6557.0
5	12	1	0	13189.0
4	12	1	0	9967.0
3	12	1	0	10382.0
2	12	1	0	10213.0
1	12	1	0	12565.0
6	11	0	0	5837.0
5	11	1	0	11946.0
4	11	1	0	9642.0
3	11	1	0	10209.0
2	11	1	0	10879.0
1	11	1	0	12117.0
6	11	0	0	4564.0
5	11	0	0	6871.0
4	11	0	0	6593.0
3	11	0	0	6628.0
2	11	0	0	7016.0
1	11	0	0	6709.0
6	11	0	0	4479.0
5	11	1	0	9353.0
4	11	1	0	8653.0
3	11	1	0	8757.0
2	11	1	0	8378.0
1	11	1	0	9992.0
6	11	0	0	4184.0
5	11	1	0	10550.0
4	11	1	0	8502.0
3	11	1	0	10186.0
2	11	1	0	10609.0
1	11	1	0	12707.0
5	10	0	0	8556.0
4	10	0	0	6858.0
3	10	0	0	6366.0
2	10	0	0	6233.0
1	10	0	0	6048.0
6	10	0	0	3732.0
5	10	1	0	8646.0
4	10	1	0	8932.0
3	10	1	0	8153.0
2	10	1	0	7447.0
1	10	1	0	10516.0
6	10	0	0	3527.0
5	10	0	1	5997.0
4	10	0	1	6150.0
3	10	0	1	6597.0
2	10	0	1	6050.0
1	10	0	1	5785.0
6	10	0	0	3535.0
5	10	1	1	9237.0
4	10	1	1	7924.0
3	10	1	1	8785.0
2	10	1	1	8697.0
1	10	1	1	11938.0
6	10	0	0	5535.0
4	10	1	0	10611.0
3	10	1	0	9580.0
2	9	1	0	10017.0
1	9	1	0	11774.0
6	9	0	0	4386.0
5	9	0	0	6696.0
4	9	0	0	5965.0
3	9	0	0	5595.0
2	9	0	0	5646.0
1	9	0	0	6395.0
6	9	0	0	4033.0
5	9	1	0	9230.0
4	9	1	0	7554.0
3	9	1	0	8716.0
2	9	1	0	9750.0
1	9	1	0	11581.0
6	9	0	0	3915.0
5	9	0	0	7060.0
4	9	0	0	5824.0
3	9	0	0	6761.0
2	9	0	0	5851.0
1	9	0	0	7255.0
6	9	0	0	4764.0
5	9	1	0	9518.0
4	9	1	0	8153.0
3	9	1	0	9618.0
2	9	1	0	10300.0
1	9	1	0	12014.0
6	8	0	0	4219.0
5	8	0	0	7883.0
4	8	0	0	6997.0
3	8	0	0	6855.0
2	8	0	0	5298.0
1	8	0	0	5962.0
6	8	0	0	3841.0
5	8	1	0	9215.0
4	8	1	0	7947.0
3	8	1	0	10551.0
2	8	1	1	10746.0
1	8	1	1	12569.0
6	8	0	0	4032.0
5	8	0	1	5613.0
4	8	0	1	5865.0
3	8	0	1	5741.0
2	8	0	1	6081.0
1	8	0	1	6794.0
6	8	0	0	4061.0
5	8	1	1	8527.0
4	8	1	1	7819.0
3	8	1	1	8611.0
2	8	1	1	9322.0
1	8	1	1	11786.0
6	8	0	0	4886.0
5	8	1	1	8837.0
4	7	1	1	9655.0
3	7	1	1	9436.0
2	7	1	1	9043.0
1	7	1	1	10351.0
6	7	0	0	3928.0
5	7	0	1	7034.0
4	7	0	1	5410.0
3	7	0	1	5396.0
2	7	0	1	6239.0
1	7	0	1	6079.0
6	7	0	0	4313.0
5	7	1	1	8183.0
4	7	1	1	7444.0
3	7	1	1	9350.0
2	7	1	1	10123.0
1	7	1	1	10804.0
6	7	0	0	4069.0
5	7	0	1	7542.0
4	7	0	1	6587.0
3	7	0	1	3891.0
2	7	0	1	5194.0
1	7	0	1	8100.0
6	7	0	0	4058.0
5	7	1	0	9489.0
4	7	1	0	8845.0
3	7	1	0	11457.0
2	7	1	0	11447.0
1	6	1	0	16097.0
6	6	0	0	4733.0
5	6	0	0	7849.0
4	6	0	0	5920.0
3	6	0	0	6626.0
2	6	0	0	5987.0
1	6	0	0	6406.0
6	6	0	0	4453.0
5	6	1	0	11986.0
3	6	1	0	10896.0
2	6	1	0	9867.0
1	6	1	0	12172.0
6	6	0	0	4666.0
5	6	0	0	7340.0
4	6	0	0	6820.0
3	6	0	0	6962.0
2	6	0	1	6959.0
6	6	0	0	4432.0
5	6	1	0	9707.0
4	6	1	0	9168.0
3	6	1	0	9766.0
2	6	1	0	10539.0
1	6	1	0	13716.0
6	5	0	0	4478.0
5	5	0	0	9690.0
3	5	0	0	8287.0
2	5	0	0	4782.0
1	5	0	0	5991.0
6	5	0	0	3758.0
5	5	1	0	9460.0
4	5	1	0	7604.0
3	5	1	0	9312.0
2	5	1	0	9617.0
1	5	1	0	10882.0
6	5	0	0	4150.0
5	5	0	0	6867.0
4	5	0	0	6088.0
3	5	0	0	6725.0
2	5	0	0	6023.0
1	5	0	0	6468.0
6	5	0	0	4454.0
5	5	1	0	9976.0
4	5	1	0	7873.0
3	5	1	0	8539.0
2	5	1	0	9964.0
1	5	1	0	12497.0
6	5	0	0	4937.0
5	5	1	0	11354.0
3	4	1	0	11161.0
2	4	1	0	11037.0
1	4	1	0	12575.0
6	4	0	0	3642.0
5	4	0	1	7351.0
4	4	0	1	6135.0
3	4	0	1	5950.0
2	4	0	1	6525.0
6	4	0	0	5731.0
4	4	1	1	10430.0
3	4	1	1	11345.0
2	4	1	1	11661.0
1	4	1	1	12763.0
6	4	0	0	4357.0
5	4	0	0	7310.0
4	4	0	0	6703.0
3	4	0	0	6380.0
2	4	0	0	6003.0
1	4	0	0	6340.0
6	4	0	0	4337.0
5	4	1	0	10677.0
4	4	1	0	8963.0
3	4	1	0	9112.0
2	4	1	0	10475.0
1	3	1	0	12263.0
6	3	0	0	4859.0
5	3	0	0	7607.0
4	3	0	0	5910.0
3	3	0	0	5451.0
2	3	0	0	6164.0
1	3	0	0	5772.0
6	3	0	0	3817.0
5	3	1	0	8961.0
4	3	1	0	7954.0
3	3	1	0	9291.0
2	3	1	0	8506.0
1	3	1	0	12247.0
6	3	0	0	4110.0
5	3	0	0	6767.0
4	3	0	0	6246.0
3	3	0	0	6587.0
2	3	0	0	5896.0
1	3	0	0	5700.0
6	3	0	0	4205.0
5	3	1	0	10360.0
4	3	1	0	9796.0
3	3	1	0	10542.0
2	3	1	0	13148.0
1	3	1	0	8555.0
6	3	0	0	4828.0
5	2	0	0	7645.0
4	2	0	0	5954.0
3	2	0	0	6213.0
2	2	0	0	6049.0
1	2	0	0	6293.0
6	2	0	0	4131.0
5	2	1	0	9143.0
4	2	1	0	7970.0
3	2	1	0	8620.0
2	2	1	0	9304.0
1	2	1	0	11353.0
6	2	0	0	4657.0
5	2	0	0	7186.0
4	2	0	0	5654.0
3	2	0	0	6213.0
2	2	0	0	6663.0
1	2	0	0	6393.0
6	2	0	0	4431.0
5	2	1	0	8749.0
4	2	1	0	9211.0
3	2	1	0	9064.0
2	2	1	0	10436.0
1	2	1	0	14311.0
6	2	0	0	4042.0
5	1	0	0	8233.0
4	1	0	0	6541.0
3	1	0	0	5533.0
2	1	0	0	5893.0
1	1	0	0	5407.0
6	1	0	0	3780.0
5	1	1	0	9276.0
4	1	1	0	7626.0
3	1	1	0	9317.0
2	1	1	0	9258.0
1	1	1	0	12407.0
6	1	0	0	4097.0
5	1	0	0	6648.0
4	1	0	0	5248.0
3	1	0	0	6022.0
2	1	0	0	5974.0
1	1	0	0	5662.0
6	1	0	0	3717.0
5	1	1	0	9766.0
4	1	1	0	7803.0
3	1	1	0	9036.0
2	1	1	1	10040.0
1	1	1	1	11164.0
6	1	0	0	3794.0
5	1	0	1	7273.0
4	1	0	1	5779.0
2	12	0	1	4256.0
1	12	0	1	8276.0
6	12	0	0	3501.0
5	12	0	1	7713.0
2	12	0	1	5689.0
1	12	0	1	15075.0
6	12	0	0	7443.0
5	12	1	0	13109.0
4	12	1	0	11031.0
3	12	1	0	12977.0
2	12	1	0	14215.0
1	12	1	0	16883.0
6	12	0	0	5392.0
5	12	0	0	7948.0
4	12	0	0	7634.0
3	12	0	0	7658.0
2	12	0	0	7707.0
1	12	0	0	7689.0
6	12	0	0	5035.0
5	12	1	0	9017.0
4	12	1	0	10816.0
3	12	1	0	11099.0
2	12	1	0	13201.0
1	12	1	0	16246.0
6	11	0	0	5643.0
5	11	0	0	9285.0
4	11	0	0	7652.0
3	11	0	0	7028.0
2	11	0	0	7413.0
1	11	0	0	7206.0
6	11	0	0	4340.0
5	11	1	0	8163.0
4	11	1	0	8671.0
3	11	1	0	8708.0
2	11	1	0	8632.0
1	11	1	0	11104.0
6	11	0	0	4155.0
5	11	0	0	7089.0
4	11	0	0	5589.0
3	11	0	0	6047.0
2	11	0	0	5806.0
1	11	0	0	6547.0
6	11	0	0	4237.0
5	11	1	0	9386.0
4	11	1	0	7744.0
3	11	1	0	8620.0
2	11	1	0	9856.0
1	11	1	0	9365.0
6	11	0	0	4688.0
4	10	0	1	6973.0
3	10	0	1	6457.0
2	10	0	1	5207.0
1	10	0	1	4763.0
6	10	0	0	3348.0
5	10	1	1	7349.0
4	10	1	1	5644.0
3	10	1	1	6843.0
2	10	1	1	7878.0
1	10	1	1	10780.0
6	10	0	0	3828.0
5	10	0	0	6999.0
4	10	0	0	5180.0
3	10	0	0	6521.0
2	10	0	0	5961.0
1	10	0	0	7365.0
6	10	0	0	3722.0
5	10	1	0	8951.0
4	10	1	0	8619.0
3	10	1	0	8238.0
2	10	1	0	9891.0
1	10	1	0	12746.0
6	10	0	0	4506.0
5	10	0	0	8599.0
3	10	0	0	7233.0
2	10	0	0	6269.0
1	9	0	0	7168.0
6	9	0	0	3978.0
5	9	1	0	9421.0
4	9	1	0	7061.0
3	9	1	0	7890.0
2	9	1	0	9034.0
1	9	1	0	9777.0
6	9	0	0	3729.0
5	9	0	0	6151.0
4	9	0	0	5552.0
3	9	0	0	5853.0
2	9	0	0	5232.0
1	9	0	0	6285.0
6	9	0	0	3957.0
5	9	1	0	8702.0
4	9	1	0	8831.0
3	9	1	0	7777.0
2	9	1	0	8514.0
1	9	1	0	13016.0
6	9	0	0	4650.0
5	9	0	0	6680.0
4	9	0	0	5824.0
3	9	0	0	6738.0
2	9	0	1	7143.0
1	9	0	1	8043.0
6	8	0	0	3850.0
5	8	1	1	10876.0
4	8	1	1	8580.0
3	8	1	1	8573.0
2	8	1	1	8786.0
1	8	1	1	11952.0
6	8	0	0	3246.0
5	8	0	1	5976.0
4	8	0	1	5883.0
3	8	0	1	5716.0
2	8	0	1	5632.0
1	8	0	1	5508.0
6	8	0	0	3614.0
5	8	1	1	7635.0
4	8	1	1	7325.0
3	8	1	1	8903.0
2	8	1	1	9204.0
1	8	1	1	11186.0
6	8	0	0	3725.0
5	8	0	1	6677.0
4	8	0	1	5976.0
3	8	0	1	6461.0
2	8	0	1	6012.0
1	8	0	1	6496.0
6	8	0	0	3855.0
5	8	1	1	8582.0
4	8	1	1	7996.0
3	7	1	1	10635.0
2	7	1	1	10691.0
1	7	1	1	12520.0
6	7	0	0	3821.0
5	7	0	1	6766.0
4	7	0	1	5337.0
3	7	0	1	6136.0
2	7	0	1	5171.0
1	7	0	1	5935.0
6	7	0	0	4465.0
5	7	1	0	9948.0
4	7	1	0	9092.0
3	7	1	0	10293.0
2	7	1	0	10135.0
1	7	1	0	13619.0
6	7	0	0	4361.0
5	7	0	0	7825.0
4	7	0	0	6755.0
3	7	0	0	6425.0
2	7	0	0	6174.0
1	7	0	0	6144.0
6	7	0	0	4030.0
5	7	1	0	10000.0
4	7	1	0	9661.0
3	7	1	0	8009.0
2	7	1	0	9491.0
1	7	1	0	11393.0
6	6	0	0	4139.0
5	6	0	0	6854.0
4	6	0	0	6627.0
3	6	0	0	5710.0
2	6	0	0	6039.0
1	6	0	0	6458.0
6	6	0	0	4050.0
5	6	1	0	9001.0
4	6	1	0	7759.0
3	6	1	0	7964.0
2	6	1	0	7941.0
1	6	1	0	10015.0
6	6	0	0	4015.0
5	6	0	0	7912.0
4	6	0	0	5133.0
3	6	0	0	6540.0
2	6	0	0	6201.0
1	6	0	0	6718.0
6	6	0	0	3880.0
5	6	1	0	9047.0
4	6	1	0	7168.0
3	6	1	0	8777.0
2	6	1	0	8536.0
1	6	1	0	11267.0
6	6	0	0	4600.0
5	5	1	0	14347.0
3	5	1	0	8973.0
2	5	1	0	9315.0
1	5	1	0	11204.0
6	5	0	0	4162.0
5	5	0	0	7266.0
4	5	0	0	6092.0
3	5	0	0	5648.0
2	5	0	1	6885.0
6	5	0	0	4478.0
5	5	1	0	9727.0
4	5	1	0	7370.0
3	5	1	0	8573.0
2	5	1	0	9735.0
1	5	1	0	10625.0
6	5	0	0	4870.0
5	5	0	0	8848.0
3	5	0	0	9111.0
2	5	0	0	7300.0
1	5	0	0	7779.0
6	5	0	0	4797.0
5	5	1	0	10456.0
4	5	1	0	11034.0
2	4	1	0	10839.0
1	4	1	0	11826.0
6	4	0	0	4299.0
5	4	1	0	8619.0
4	4	1	0	7140.0
3	4	1	0	8539.0
2	4	1	0	8884.0
1	4	1	0	10686.0
6	4	0	0	4119.0
5	4	0	0	6390.0
4	4	0	0	5842.0
3	4	0	0	5881.0
2	4	0	0	5653.0
1	4	0	0	6533.0
6	4	0	0	3927.0
5	4	1	0	8671.0
4	4	1	0	8224.0
3	4	1	0	7808.0
2	4	1	0	8972.0
1	4	1	0	11418.0
6	4	0	0	3759.0
5	4	0	1	6791.0
4	4	0	1	6453.0
3	4	0	1	6025.0
2	4	0	1	7607.0
6	3	0	0	6860.0
4	3	1	1	11304.0
3	3	1	1	9957.0
2	3	1	1	9854.0
1	3	1	1	11746.0
6	3	0	0	4636.0
5	3	1	0	9617.0
4	3	1	0	9168.0
3	3	1	0	7563.0
2	3	1	0	9047.0
1	3	1	0	12925.0
6	3	0	0	3961.0
5	3	0	0	7826.0
4	3	0	0	5808.0
3	3	0	0	6340.0
2	3	0	0	4980.0
1	3	0	0	7239.0
6	3	0	0	4006.0
5	3	1	0	9289.0
4	3	1	0	8168.0
3	3	1	0	9104.0
2	3	1	0	10028.0
1	3	1	0	13281.0
6	3	0	0	5098.0
5	3	0	0	7401.0
4	2	0	0	7034.0
3	2	0	0	6290.0
2	2	0	0	6433.0
1	2	0	0	6222.0
6	2	0	0	4258.0
5	2	1	0	8906.0
4	2	1	0	7554.0
3	2	1	0	8174.0
2	2	1	0	9481.0
1	2	1	0	12446.0
6	2	0	0	4048.0
5	2	0	0	6559.0
4	2	0	0	6148.0
3	2	0	0	6649.0
2	2	0	0	6692.0
1	2	0	0	3158.0
6	2	0	0	4468.0
5	2	1	0	8126.0
4	2	1	0	8640.0
3	2	1	0	7590.0
2	2	1	0	10563.0
1	2	1	0	12723.0
6	2	0	0	4166.0
5	2	0	0	6869.0
4	1	0	0	7000.0
3	1	0	0	6387.0
2	1	0	0	4405.0
1	1	0	0	5231.0
6	1	0	0	3969.0
5	1	1	0	8968.0
4	1	1	0	7552.0
3	1	1	0	8860.0
2	1	1	0	9624.0
1	1	1	0	9300.0
6	1	0	0	4129.0
5	1	0	0	6512.0
4	1	0	0	5160.0
3	1	0	0	4828.0
2	1	0	0	4963.0
1	1	0	0	5880.0
6	1	0	0	4120.0
5	1	1	0	9781.0
4	1	1	0	8376.0
3	1	1	0	7391.0
2	1	1	0	9772.0
1	1	1	0	12100.0
6	1	0	0	3970.0
5	1	0	1	7431.0
4	1	0	1	5855.0
3	1	0	1	6598.0
