5	7	1	1	9561.0
4	7	1	1	8020.0
3	7	1	1	9047.0
2	7	1	1	9044.0
1	7	1	1	10413.0
7	7	0	0	6595.0
6	7	0	0	7701.0
5	7	0	1	6894.0
4	7	0	1	7879.0
3	7	0	1	7886.0
2	7	0	1	7985.0
1	7	0	1	9156.0
7	7	0	0	7444.0
6	7	0	0	7379.0
5	7	1	0	7676.0
4	7	1	0	7202.0
3	7	1	0	7557.0
2	7	1	0	7857.0
1	7	1	0	8559.0
7	7	0	0	5436.0
6	7	0	0	6329.0
5	7	0	0	6100.0
4	7	0	0	5541.0
3	7	0	0	6654.0
2	7	0	0	7405.0
1	7	0	0	7921.0
7	7	0	0	5540.0
6	7	0	0	7938.0
5	7	1	0	6731.0
4	7	1	0	7993.0
3	7	1	0	7287.0
2	6	1	0	7618.0
1	6	1	0	7963.0
7	6	0	0	4511.0
6	6	0	0	4941.0
5	6	0	0	4368.0
4	6	0	0	3769.0
3	6	0	0	4646.0
2	6	0	0	5032.0
1	6	0	0	5158.0
7	6	0	0	4002.0
6	6	0	0	4936.0
5	6	1	0	5015.0
4	6	1	0	4793.0
3	6	1	0	4634.0
2	6	1	0	5546.0
1	6	1	0	6634.0
7	6	0	0	4181.0
6	6	0	0	4985.0
5	6	0	0	4646.0
4	6	0	0	5442.0
3	6	0	0	4739.0
2	6	0	0	4798.0
1	6	0	0	5729.0
7	6	0	0	4311.0
6	6	0	0	6289.0
5	6	1	0	6760.0
4	6	1	0	5847.0
3	6	1	0	5746.0
2	6	1	0	5580.0
1	6	1	0	7557.0
7	5	0	0	4290.0
6	5	0	0	5257.0
5	5	0	0	5660.0
4	5	0	0	5144.0
3	5	0	0	5242.0
2	5	0	0	5596.0
7	5	0	0	6247.0
6	5	0	0	7118.0
5	5	1	0	5594.0
4	5	1	0	5354.0
3	5	1	0	5874.0
2	5	1	0	5105.0
1	5	1	0	6390.0
7	5	0	0	4184.0
6	5	0	0	5659.0
5	5	0	1	6702.0
3	5	0	0	5301.0
2	5	0	0	4738.0
1	5	0	0	5054.0
7	5	0	0	4217.0
6	5	0	0	4515.0
5	5	1	0	4424.0
4	5	1	0	4506.0
3	5	1	0	4856.0
2	5	1	0	4348.0
1	5	1	0	5939.0
7	5	0	0	3685.0
6	5	0	0	7426.0
4	4	1	0	5391.0
3	4	1	0	4522.0
2	4	1	0	4733.0
1	4	1	0	5102.0
7	4	0	0	2581.0
6	4	0	0	3909.0
5	4	0	0	3473.0
4	4	0	0	3944.0
3	4	0	0	3528.0
2	4	0	0	3788.0
1	4	0	0	3297.0
7	4	0	0	3281.0
6	4	0	0	4474.0
5	4	1	1	4007.0
4	4	1	1	4120.0
3	4	1	1	4302.0
2	4	1	1	4533.0
1	4	1	1	5533.0
7	4	0	0	3536.0
6	4	0	0	4536.0
5	4	0	1	5171.0
4	4	0	1	5387.0
3	4	0	1	5615.0
2	4	0	1	6723.0
7	4	0	0	4924.0
6	4	0	0	12476.0
4	4	1	1	7193.0
3	4	1	1	6419.0
2	3	1	0	5291.0
1	3	1	0	6562.0
7	3	0	0	3408.0
6	3	0	0	5092.0
5	3	0	0	3584.0
4	3	0	0	3277.0
3	3	0	0	3021.0
2	3	0	0	3022.0
1	3	0	0	3588.0
7	3	0	0	3167.0
6	3	0	0	3213.0
5	3	1	0	3756.0
4	3	1	0	3812.0
3	3	1	0	3825.0
2	3	1	0	3935.0
1	3	1	0	4385.0
7	3	0	0	2433.0
6	3	0	0	3869.0
5	3	0	0	3272.0
4	3	0	0	3367.0
3	3	0	0	2565.0
2	3	0	0	3115.0
1	3	0	0	3817.0
7	3	0	0	3196.0
6	3	0	0	3633.0
5	3	1	0	3245.0
4	3	1	0	3352.0
3	3	1	0	3128.0
2	3	1	0	3312.0
1	3	1	0	4031.0
7	3	0	0	2293.0
6	2	0	0	3360.0
5	2	0	0	3339.0
4	2	0	0	2679.0
3	2	0	0	2335.0
2	2	0	0	2405.0
1	2	0	0	2787.0
6	2	0	0	2425.0
5	2	1	0	2251.0
4	2	1	0	3321.0
3	2	1	0	2452.0
2	2	1	0	3098.0
1	2	1	0	4045.0
6	2	0	0	3594.0
5	2	0	0	2840.0
4	2	0	0	2845.0
3	2	0	0	2203.0
2	2	0	0	2403.0
1	2	0	0	2691.0
6	2	0	0	2220.0
5	2	1	0	2834.0
4	2	1	0	2692.0
3	2	1	0	2787.0
2	2	1	0	3132.0
1	2	1	0	4039.0
6	1	0	0	2974.0
5	1	1	0	3531.0
4	1	1	0	2277.0
3	1	1	0	1867.0
2	1	1	0	3112.0
1	1	1	0	2616.0
6	1	0	0	1795.0
5	1	0	0	2403.0
4	1	0	0	2407.0
3	1	0	0	2176.0
2	1	0	0	2102.0
1	1	0	0	2426.0
6	1	0	0	2700.0
5	1	1	0	3434.0
4	1	1	0	2159.0
3	1	1	0	2668.0
2	1	1	0	2274.0
1	1	1	0	2755.0
6	1	0	0	1548.0
5	1	1	0	2221.0
4	1	1	0	1986.0
3	1	1	0	3226.0
2	1	1	1	3228.0
1	1	1	1	3763.0
7	1	0	0	2074.0
6	1	0	0	2865.0
5	1	0	1	5815.0
3	12	0	1	4217.0
2	12	0	1	7257.0
1	12	0	1	7936.0
7	12	0	0	6268.0
6	12	0	0	5736.0
3	12	0	1	2944.0
2	12	0	1	5720.0
1	12	0	1	4109.0
7	12	0	0	2932.0
6	12	0	0	2717.0
5	12	1	0	4195.0
4	12	1	0	4273.0
3	12	1	0	3549.0
2	12	1	0	4063.0
1	12	1	0	3883.0
6	12	0	0	2948.0
5	12	0	0	2118.0
4	12	0	0	2142.0
3	12	0	0	2482.0
2	12	0	0	3200.0
1	12	0	0	2509.0
6	12	0	0	2873.0
5	12	1	0	4096.0
4	12	1	0	3666.0
3	12	1	0	3448.0
2	12	1	0	3575.0
1	12	1	0	4464.0
6	11	0	0	3197.0
5	11	1	0	3889.0
4	11	1	0	3005.0
3	11	1	0	3172.0
2	11	1	0	3178.0
1	11	1	0	3968.0
6	11	0	0	2982.0
5	11	0	0	2970.0
4	11	0	0	3216.0
3	11	0	0	2506.0
2	11	0	0	2888.0
1	11	0	0	3333.0
6	11	0	0	2932.0
5	11	1	0	3548.0
4	11	1	0	3422.0
3	11	1	0	3196.0
2	11	1	0	3814.0
1	11	1	0	4158.0
6	11	0	0	2994.0
5	11	1	0	4286.0
4	11	1	0	4192.0
3	11	1	0	3664.0
2	11	1	0	5010.0
1	11	1	0	6160.0
6	11	0	0	4071.0
5	10	0	0	5055.0
4	10	0	0	4565.0
3	10	0	0	4352.0
2	10	0	0	4675.0
1	10	0	0	5270.0
7	10	0	0	4058.0
6	10	0	0	5229.0
5	10	1	1	4790.0
4	10	1	1	5176.0
3	10	1	1	4472.0
2	10	1	1	4790.0
1	10	1	1	6534.0
7	10	0	0	4013.0
6	10	0	0	4893.0
5	10	0	1	4547.0
4	10	0	1	5012.0
3	10	0	1	4821.0
2	10	0	1	5417.0
1	10	0	1	5120.0
7	10	0	0	4631.0
6	10	0	0	4831.0
5	10	1	0	5166.0
4	10	1	0	5818.0
3	10	1	0	6038.0
2	10	1	0	5694.0
1	10	1	0	7599.0
7	10	0	0	4264.0
6	10	0	0	7430.0
4	10	1	0	6300.0
3	10	1	0	5886.0
2	9	1	0	6099.0
1	9	1	0	7124.0
7	9	0	0	4245.0
6	9	0	0	5031.0
5	9	0	0	4423.0
4	9	0	0	4958.0
3	9	0	0	4288.0
2	9	0	0	5126.0
1	9	0	0	5954.0
7	9	0	0	4367.0
6	9	0	0	5896.0
5	9	1	0	5867.0
4	9	1	0	6009.0
3	9	1	0	6649.0
2	9	1	0	6497.0
1	9	1	0	7311.0
7	9	0	0	4498.0
6	9	0	0	5696.0
5	9	0	0	5238.0
4	9	0	0	4563.0
3	9	0	0	5547.0
2	9	0	0	5317.0
1	9	0	0	6346.0
7	9	0	0	4221.0
6	9	0	0	6130.0
5	9	1	0	6118.0
4	9	1	0	6599.0
3	9	1	0	6892.0
2	9	1	0	7494.0
1	9	1	0	8657.0
7	8	0	0	5046.0
6	8	0	0	6436.0
5	8	0	0	6700.0
4	8	0	0	6682.0
3	8	0	0	6652.0
2	8	0	0	6708.0
1	8	0	0	7501.0
7	8	0	0	5230.0
6	8	0	0	5969.0
5	8	1	1	7105.0
4	8	1	1	7046.0
3	8	1	1	7601.0
2	8	1	1	8995.0
1	8	1	1	9561.0
7	8	0	0	5789.0
6	8	0	0	7651.0
5	8	0	1	7187.0
4	8	0	1	8034.0
3	8	0	1	7898.0
2	8	0	1	8483.0
1	8	0	1	9925.0
7	8	0	0	6497.0
6	8	0	0	8215.0
5	8	1	1	7893.0
4	8	1	1	9179.0
3	8	1	1	8870.0
2	8	1	1	9987.0
1	8	1	1	12437.0
7	8	0	0	7090.0
6	8	0	0	8893.0
5	8	1	1	8364.0
4	7	1	1	9148.0
3	7	1	1	9319.0
2	7	1	1	9047.0
1	7	1	1	10445.0
7	7	0	0	6083.0
6	7	0	0	7391.0
5	7	0	1	7658.0
4	7	0	1	7626.0
3	7	0	1	7759.0
2	7	0	1	8117.0
1	7	0	1	9027.0
7	7	0	0	6163.0
6	7	0	0	8431.0
5	7	1	1	8103.0
4	7	1	1	7795.0
3	7	1	1	7296.0
2	7	1	1	7736.0
1	7	1	1	8490.0
7	7	0	0	5832.0
6	7	0	0	7533.0
5	7	0	0	6692.0
4	7	0	0	6174.0
3	7	0	0	5799.0
2	7	0	0	5189.0
1	7	0	0	7118.0
7	7	0	0	4813.0
6	7	0	0	5405.0
5	7	1	0	4282.0
4	7	1	0	5481.0
3	7	1	0	6598.0
2	7	1	0	5810.0
1	6	1	0	7372.0
7	6	0	0	3900.0
6	6	0	0	4778.0
5	6	0	0	4328.0
4	6	0	0	4306.0
3	6	0	0	3811.0
2	6	0	0	4391.0
1	6	0	0	4848.0
7	6	0	0	3505.0
6	6	0	0	4686.0
5	6	1	0	5766.0
4	6	1	0	5093.0
3	6	1	0	5633.0
2	6	1	0	5119.0
1	6	1	0	6969.0
7	6	0	0	4156.0
6	6	0	0	4603.0
5	6	0	0	5408.0
4	6	0	0	5139.0
3	6	0	0	5686.0
2	6	0	0	6529.0
7	6	0	0	6442.0
6	6	0	0	7413.0
5	6	1	0	5879.0
4	6	1	0	5272.0
3	6	1	0	5964.0
2	6	1	0	6691.0
1	6	1	0	6149.0
7	6	0	0	4610.0
6	5	0	0	6189.0
5	5	0	1	7745.0
3	5	0	0	5070.0
2	5	0	0	4939.0
1	5	0	0	5474.0
7	5	0	0	4462.0
6	5	0	0	4757.0
5	5	1	0	4533.0
4	5	1	0	4476.0
3	5	1	0	5134.0
2	5	1	0	5262.0
1	5	1	0	5852.0
7	5	0	0	3549.0
6	5	0	0	4990.0
5	5	0	0	3616.0
4	5	0	0	4056.0
3	5	0	0	3763.0
2	5	0	0	4305.0
1	5	0	0	4568.0
7	5	0	0	2370.0
6	5	0	0	3996.0
5	5	1	0	4386.0
4	5	1	0	3977.0
3	5	1	0	3970.0
2	5	1	0	4389.0
1	5	1	0	5182.0
7	5	0	0	3423.0
6	5	0	0	5640.0
5	5	1	1	8513.0
3	4	1	1	5970.0
2	4	1	1	5250.0
1	4	1	1	6226.0
7	4	0	0	3795.0
6	4	0	0	4282.0
5	4	0	1	4623.0
4	4	0	1	5111.0
3	4	0	1	5483.0
2	4	0	1	6024.0
7	4	0	0	4337.0
6	4	0	0	11852.0
4	4	1	1	6792.0
3	4	1	1	5884.0
2	4	1	0	6609.0
1	4	1	0	6968.0
7	4	0	0	4663.0
6	4	0	0	4631.0
5	4	0	0	3683.0
4	4	0	0	3227.0
3	4	0	0	3645.0
2	4	0	0	3281.0
1	4	0	0	3548.0
7	4	0	0	2389.0
6	4	0	0	4570.0
5	4	1	0	3531.0
4	4	1	0	3913.0
3	4	1	0	3341.0
2	4	1	0	3859.0
1	3	1	0	4923.0
7	3	0	0	2983.0
6	3	0	0	3778.0
5	3	0	0	3455.0
4	3	0	0	2783.0
3	3	0	0	2416.0
2	3	0	0	2678.0
1	3	0	0	3236.0
7	3	0	0	2407.0
6	3	0	0	3199.0
5	3	1	0	2901.0
4	3	1	0	3288.0
3	3	1	0	2927.0
2	3	1	0	3614.0
1	3	1	0	3707.0
7	3	0	0	1951.0
6	3	0	0	3168.0
5	3	0	0	2976.0
4	3	0	0	2782.0
3	3	0	0	2970.0
2	3	0	0	2830.0
1	3	0	0	3069.0
7	3	0	0	3146.0
6	3	0	0	3608.0
5	3	1	0	3663.0
4	3	1	0	3184.0
3	3	1	0	3054.0
2	3	1	0	3642.0
1	3	1	0	4701.0
7	3	0	0	2454.0
6	3	0	0	3825.0
5	2	0	0	2971.0
4	2	0	0	2866.0
3	2	0	0	2433.0
2	2	0	0	2607.0
1	2	0	0	3069.0
6	2	0	0	2858.0
5	2	1	0	2826.0
4	2	1	0	2555.0
3	2	1	0	2703.0
2	2	1	0	3225.0
1	2	1	0	3751.0
6	2	0	0	2702.0
5	2	0	0	2582.0
4	2	0	0	2610.0
3	2	0	0	1826.0
2	2	0	0	2322.0
1	2	0	0	2905.0
6	2	0	0	1980.0
5	2	1	0	2177.0
4	2	1	0	2433.0
3	2	1	0	2679.0
2	2	1	0	3238.0
1	2	1	0	4724.0
6	2	0	0	2329.0
5	1	0	0	3230.0
4	1	0	0	2321.0
3	1	0	0	1601.0
2	1	0	0	2127.0
1	1	0	0	2119.0
6	1	0	0	2186.0
5	1	1	0	2397.0
4	1	1	0	2167.0
3	1	1	0	2305.0
2	1	1	0	2822.0
1	1	1	0	3538.0
6	1	0	0	2203.0
5	1	0	0	2340.0
4	1	0	0	1954.0
3	1	0	0	1893.0
2	1	0	0	2506.0
1	1	0	0	2369.0
6	1	0	0	1508.0
5	1	1	0	2442.0
4	1	1	0	1994.0
3	1	1	0	2916.0
2	1	1	0	3123.0
1	1	1	1	3843.0
7	1	0	0	2104.0
6	1	0	0	3049.0
5	1	0	1	3577.0
4	1	0	1	4426.0
2	12	0	1	3993.0
1	12	0	1	7364.0
7	12	0	0	5448.0
6	12	0	0	6686.0
5	12	0	1	5162.0
2	12	0	1	2584.0
1	12	0	1	6742.0
7	12	0	0	3747.0
6	12	0	0	3391.0
5	12	1	0	4632.0
4	12	1	0	3474.0
3	12	1	0	3933.0
2	12	1	0	3820.0
1	12	1	0	5067.0
6	12	0	0	2946.0
5	12	0	0	2962.0
4	12	0	0	2570.0
3	12	0	0	2777.0
2	12	0	0	3088.0
1	12	0	0	3412.0
6	12	0	0	2645.0
5	12	1	0	2225.0
4	12	1	0	1426.0
3	12	1	0	3354.0
2	12	1	0	3702.0
1	12	1	0	5275.0
6	11	0	0	3197.0
5	11	0	0	2442.0
4	11	0	0	2659.0
3	11	0	0	2391.0
2	11	0	0	2739.0
1	11	0	0	3268.0
6	11	0	0	2889.0
5	11	1	0	3157.0
4	11	1	0	2928.0
3	11	1	0	3179.0
2	11	1	0	3393.0
1	11	1	0	3865.0
6	11	0	0	2783.0
5	11	0	0	3066.0
4	11	0	0	2944.0
3	11	0	0	2884.0
2	11	0	0	2006.0
1	11	0	0	3213.0
6	11	0	0	2153.0
5	11	1	0	3297.0
4	11	1	0	2986.0
3	11	1	0	3213.0
2	11	1	0	3548.0
1	11	1	0	4816.0
6	11	0	0	3114.0
5	11	0	0	3679.0
4	10	0	0	3553.0
3	10	0	0	3441.0
2	10	0	0	3686.0
1	10	0	0	1396.0
7	10	0	0	2904.0
6	10	0	0	4285.0
5	10	1	0	4407.0
4	10	1	0	3749.0
3	10	1	0	4417.0
2	10	1	0	4997.0
1	10	1	0	5345.0
7	10	0	0	3905.0
6	10	0	0	4105.0
5	10	0	1	4657.0
4	10	0	1	3359.0
3	10	0	1	4444.0
2	10	0	1	4206.0
1	10	0	1	5148.0
7	10	0	0	4717.0
6	10	0	0	4689.0
5	10	1	1	5460.0
4	10	1	1	5370.0
3	10	1	1	5903.0
2	10	1	1	6559.0
1	10	1	1	7206.0
7	10	0	0	5292.0
6	10	0	0	6037.0
5	10	0	1	7028.0
3	10	0	0	5167.0
2	10	0	0	4783.0
1	9	0	0	5873.0
7	9	0	0	4648.0
6	9	0	0	4929.0
5	9	1	0	4563.0
4	9	1	0	5072.0
3	9	1	0	4145.0
2	9	1	0	5201.0
1	9	1	0	5739.0
7	9	0	0	3590.0
6	9	0	0	4911.0
5	9	0	0	4427.0
4	9	0	0	4522.0
3	9	0	0	4454.0
2	9	0	0	4394.0
1	9	0	0	4947.0
7	9	0	0	4185.0
6	9	0	0	4807.0
5	9	1	0	4979.0
4	9	1	0	5740.0
3	9	1	0	7017.0
2	9	1	0	4875.0
1	9	1	0	6663.0
7	9	0	0	4138.0
6	9	0	0	5514.0
5	9	0	0	4693.0
4	9	0	0	4478.0
3	9	0	0	5032.0
2	9	0	0	4939.0
1	9	0	0	5166.0
7	9	0	0	4335.0
6	8	0	0	4975.0
5	8	1	0	5650.0
4	8	1	0	6064.0
3	8	1	0	6348.0
2	8	1	0	6696.0
1	8	1	0	7904.0
7	8	0	0	5352.0
6	8	0	0	5585.0
5	8	0	0	5662.0
4	8	0	0	6286.0
3	8	0	0	5556.0
2	8	0	0	5736.0
1	8	0	0	6114.0
7	8	0	0	5014.0
6	8	0	0	5803.0
5	8	1	0	6869.0
4	8	1	0	6231.0
3	8	1	0	6452.0
2	8	1	0	7456.0
1	8	1	0	8105.0
7	8	0	0	5893.0
6	8	0	0	6266.0
5	8	0	0	5810.0
4	8	0	0	6448.0
3	8	0	0	6849.0
2	8	0	0	7894.0
1	8	0	0	8745.0
7	8	0	0	5913.0
6	8	0	0	7799.0
5	8	1	1	7237.0
4	8	1	1	7076.0
3	7	1	1	9127.0
2	7	1	1	10030.0
1	7	1	1	9616.0
7	7	0	0	7271.0
6	7	0	0	7582.0
5	7	0	1	7222.0
4	7	0	1	7086.0
3	7	0	1	8218.0
2	7	0	1	8152.0
1	7	0	1	8531.0
7	7	0	0	6435.0
6	7	0	0	6567.0
5	7	1	1	8337.0
4	7	1	1	7192.0
3	7	1	1	7190.0
2	7	1	1	7684.0
1	7	1	1	9025.0
7	7	0	0	6190.0
6	7	0	0	5803.0
5	7	0	1	6335.0
4	7	0	1	5646.0
3	7	0	1	6318.0
2	7	0	1	6818.0
1	7	0	1	7951.0
7	7	0	0	5584.0
6	7	0	0	5373.0
5	7	1	1	6026.0
4	7	1	1	5930.0
3	7	1	1	6199.0
2	7	1	1	6306.0
1	7	1	1	7003.0
7	6	0	0	5160.0
6	6	0	0	4943.0
5	6	0	1	4877.0
4	6	0	1	3707.0
3	6	0	1	4331.0
2	6	0	1	4119.0
1	6	0	1	5211.0
7	6	0	0	4240.0
6	6	0	0	4914.0
5	6	1	0	4415.0
4	6	1	0	5070.0
3	6	1	0	4715.0
2	6	1	0	5090.0
1	6	1	0	5471.0
7	6	0	0	4108.0
6	6	0	0	4805.0
5	6	0	0	4160.0
4	6	0	0	4105.0
3	6	0	0	4373.0
2	6	0	0	4493.0
1	6	0	0	4931.0
7	6	0	0	4278.0
6	6	0	0	5126.0
5	6	1	0	5029.0
4	6	1	0	5518.0
3	6	1	0	5327.0
2	6	1	0	5356.0
1	6	1	0	5972.0
7	6	0	0	4441.0
6	6	0	0	5498.0
5	5	1	0	5488.0
4	5	1	0	5240.0
3	5	1	0	5102.0
2	5	1	0	4675.0
1	5	1	0	5961.0
7	5	0	0	4230.0
6	5	0	0	3519.0
5	5	0	0	4374.0
4	5	0	0	3914.0
3	5	0	0	4855.0
2	5	0	0	4340.0
7	5	0	0	5322.0
6	5	0	0	5876.0
5	5	1	0	4793.0
4	5	1	0	4818.0
3	5	1	0	3959.0
2	5	1	0	5245.0
1	5	1	0	5272.0
7	5	0	0	3840.0
6	5	0	0	5218.0
5	5	0	1	6462.0
3	5	0	0	4720.0
2	5	0	0	4582.0
1	5	0	0	4634.0
7	5	0	0	3854.0
6	5	0	0	5160.0
5	5	1	0	5356.0
4	5	1	0	6275.0
2	4	1	0	4808.0
1	4	1	0	4844.0
7	4	0	0	3691.0
6	4	0	0	4065.0
5	4	1	0	3900.0
4	4	1	0	3105.0
3	4	1	0	3467.0
2	4	1	0	3984.0
1	4	1	0	4446.0
7	4	0	0	2903.0
6	4	0	0	3829.0
5	4	0	0	3170.0
4	4	0	0	3447.0
3	4	0	0	2767.0
2	4	0	0	3022.0
1	4	0	0	2788.0
7	4	0	0	2667.0
6	4	0	0	2998.0
5	4	1	0	3432.0
4	4	1	0	3072.0
3	4	1	0	3465.0
2	4	1	1	3723.0
1	4	1	1	4790.0
7	4	0	0	2312.0
6	4	0	0	3665.0
5	4	0	1	3853.0
4	4	0	1	4596.0
3	4	0	1	5034.0
2	4	0	1	5327.0
7	3	0	0	4108.0
6	3	0	0	10249.0
4	3	1	1	6285.0
3	3	1	1	5484.0
2	3	1	1	5575.0
1	3	1	1	6312.0
7	3	0	0	4093.0
6	3	0	0	3663.0
5	3	1	0	3419.0
4	3	1	0	3706.0
3	3	1	0	4091.0
2	3	1	0	4068.0
1	3	1	0	3705.0
7	3	0	0	2887.0
6	3	0	0	3067.0
5	3	0	0	3542.0
4	3	0	0	3336.0
3	3	0	0	2999.0
2	3	0	0	3184.0
1	3	0	0	3172.0
7	3	0	0	1344.0
6	3	0	0	3031.0
5	3	1	0	3323.0
4	3	1	0	3095.0
3	3	1	0	3030.0
2	3	1	0	3355.0
1	3	1	0	4339.0
7	3	0	0	2996.0
6	3	0	0	2761.0
5	3	0	0	2846.0
4	2	0	0	2480.0
3	2	0	0	2448.0
2	2	0	0	2324.0
1	2	0	0	2440.0
7	2	0	0	1200.0
6	2	0	0	2127.0
5	2	1	0	2405.0
4	2	1	0	2608.0
3	2	1	0	2644.0
2	2	1	0	2602.0
1	2	1	0	3464.0
7	2	0	0	1739.0
6	2	0	0	2367.0
5	2	0	0	2200.0
4	2	0	0	2413.0
3	2	0	0	2328.0
2	2	0	0	1931.0
1	2	0	0	2442.0
7	2	0	0	1859.0
6	2	0	0	2156.0
5	2	1	0	2680.0
4	2	1	0	2465.0
3	2	1	0	2572.0
2	2	1	0	2479.0
1	2	1	0	3542.0
7	2	0	0	1415.0
6	2	0	0	3252.0
5	2	0	0	2674.0
4	1	0	0	2395.0
3	1	0	0	1503.0
2	1	0	0	1986.0
1	1	0	0	1808.0
7	1	0	0	632.0
6	1	0	0	1735.0
5	1	1	0	2673.0
4	1	1	0	2286.0
3	1	1	0	2576.0
2	1	1	0	2023.0
1	1	1	0	2734.0
7	1	0	0	1339.0
6	1	0	0	1853.0
5	1	0	0	1801.0
4	1	0	0	2199.0
3	1	0	0	1821.0
2	1	0	0	1870.0
1	1	0	0	2024.0
7	1	0	0	1087.0
6	1	0	0	1934.0
5	1	1	0	2773.0
4	1	1	0	2636.0
3	1	1	0	2282.0
2	1	1	0	2649.0
1	1	1	0	3522.0
7	1	0	0	1853.0
6	1	0	0	2164.0
5	1	0	1	2924.0
4	1	0	1	3175.0
3	1	0	1	3820.0
