5	7	1	1	5101.0
4	7	1	1	4674.0
3	7	1	1	5163.0
2	7	1	1	5485.0
1	7	1	1	7215.0
6	7	0	0	4612.0
5	7	0	0	3609.0
4	7	0	0	4209.0
3	7	0	0	3452.0
2	7	0	0	3511.0
1	7	0	0	4306.0
6	7	0	0	4361.0
5	7	1	0	5299.0
4	7	1	0	4710.0
3	7	1	0	5430.0
2	7	1	0	6333.0
1	7	1	0	8272.0
6	7	0	0	4139.0
5	7	0	0	4899.0
4	7	0	0	4278.0
3	7	0	0	4728.0
2	7	0	0	3952.0
1	7	0	0	5037.0
6	7	0	0	3505.0
5	7	1	0	5289.0
4	7	1	0	5334.0
3	7	1	0	5757.0
2	6	1	0	7036.0
1	6	1	0	8157.0
6	6	0	0	4160.0
5	6	0	0	4029.0
4	6	0	0	4184.0
3	6	0	0	3651.0
2	6	0	0	3931.0
1	6	0	0	4108.0
6	6	0	0	4058.0
5	6	1	0	6271.0
4	6	1	0	5520.0
3	6	1	0	6016.0
2	6	1	0	6707.0
1	6	1	0	8473.0
6	6	0	0	4614.0
5	6	0	0	4089.0
4	6	0	0	3537.0
3	6	0	0	3852.0
2	6	0	0	3915.0
1	6	0	0	4727.0
6	6	0	0	3659.0
5	6	1	0	6137.0
3	6	1	0	6470.0
2	6	1	0	7099.0
1	6	1	0	8539.0
6	5	0	0	5296.0
5	5	0	0	4544.0
4	5	0	0	4133.0
3	5	0	0	4483.0
2	5	0	0	4537.0
6	5	0	0	4510.0
5	5	1	0	5436.0
4	5	1	0	5601.0
3	5	1	0	5682.0
2	5	1	0	6347.0
1	5	1	0	7388.0
6	5	0	0	5075.0
5	5	0	0	5653.0
3	5	0	0	5749.0
2	5	0	0	4018.0
1	5	0	0	3843.0
6	5	0	0	5238.0
5	5	1	0	6113.0
4	5	1	0	5709.0
3	5	1	0	6154.0
2	5	1	0	7725.0
1	5	1	0	8481.0
6	5	0	0	5456.0
4	4	1	0	7250.0
3	4	1	0	6967.0
2	4	1	0	7654.0
1	4	1	0	8325.0
6	4	0	0	4652.0
5	4	0	0	4362.0
4	4	0	0	4084.0
3	4	0	0	3998.0
2	4	0	0	4264.0
1	4	0	0	4830.0
6	4	0	0	4791.0
5	4	1	0	5658.0
4	4	1	0	5831.0
3	4	1	0	5702.0
2	4	1	0	6596.0
1	4	1	0	8426.0
6	4	0	0	4317.0
5	4	0	1	4789.0
4	4	0	1	4228.0
3	4	0	1	4521.0
2	4	0	1	4777.0
6	4	0	1	6120.0
4	4	1	1	7425.0
3	4	1	1	7510.0
2	3	1	1	7101.0
1	3	1	1	9260.0
6	3	0	0	4908.0
5	3	0	0	4479.0
4	3	0	0	3955.0
3	3	0	0	3742.0
2	3	0	0	3607.0
1	3	0	0	4786.0
6	3	0	0	4160.0
5	3	1	0	6689.0
4	3	1	0	5707.0
3	3	1	0	6257.0
2	3	1	0	6698.0
1	3	1	0	8470.0
6	3	0	0	3940.0
5	3	0	0	4452.0
4	3	0	0	4183.0
3	3	0	0	3929.0
2	3	0	0	3580.0
1	3	0	0	3669.0
6	3	0	0	4497.0
5	3	1	0	5670.0
4	3	1	0	6124.0
3	3	1	0	6434.0
2	3	1	0	7404.0
1	3	1	0	7847.0
6	2	0	0	4950.0
5	2	0	0	4291.0
4	2	0	0	4487.0
3	2	0	0	3670.0
2	2	0	0	3661.0
1	2	0	0	3593.0
6	2	0	0	4635.0
5	2	1	0	6018.0
4	2	1	0	5470.0
3	2	1	0	5927.0
2	2	1	0	5858.0
1	2	1	0	7906.0
6	2	0	0	4986.0
5	2	0	0	4437.0
4	2	0	0	3842.0
3	2	0	0	3794.0
2	2	0	0	3877.0
1	2	0	0	4218.0
6	2	0	0	4124.0
5	2	1	0	6451.0
4	2	1	0	5503.0
3	2	1	0	6368.0
2	2	1	0	7275.0
1	2	1	0	7731.0
6	1	0	0	5347.0
5	1	1	0	6408.0
4	1	1	0	5332.0
3	1	1	0	5948.0
2	1	1	0	6494.0
1	1	1	0	7091.0
6	1	0	0	4255.0
5	1	0	0	3999.0
4	1	0	0	4129.0
3	1	0	0	3976.0
2	1	0	0	3580.0
1	1	0	0	4134.0
6	1	0	0	4083.0
5	1	1	0	5846.0
4	1	1	0	4749.0
3	1	1	0	5970.0
2	1	1	0	5910.0
1	1	1	0	7935.0
6	1	0	0	4785.0
5	1	1	1	5355.0
4	1	1	1	4576.0
3	1	1	1	5545.0
2	1	1	1	6783.0
1	1	1	1	8362.0
6	1	0	1	3370.0
5	1	0	1	4753.0
3	12	0	1	3384.0
2	12	0	1	5231.0
1	12	0	1	5324.0
6	12	0	1	3583.0
3	12	0	1	3905.0
2	12	0	1	7954.0
1	12	0	1	8092.0
6	12	0	0	5835.0
5	12	1	0	7666.0
4	12	1	0	7914.0
3	12	1	0	7556.0
2	12	1	0	8563.0
1	12	1	0	9581.0
6	12	0	0	5859.0
5	12	0	0	5076.0
4	12	0	0	4146.0
3	12	0	0	4262.0
2	12	0	0	3810.0
1	12	0	0	4649.0
6	12	0	0	5225.0
5	12	1	0	7023.0
4	12	1	0	6555.0
3	12	1	0	6916.0
2	12	1	0	6989.0
1	12	1	0	8938.0
6	11	0	0	5537.0
5	11	1	0	6956.0
4	11	1	0	6525.0
3	11	1	0	5959.0
2	11	1	0	6300.0
1	11	1	0	7680.0
6	11	0	0	4169.0
5	11	0	0	4474.0
4	11	0	0	3954.0
3	11	0	0	4759.0
2	11	0	0	4136.0
1	11	0	0	4696.0
6	11	0	0	4095.0
5	11	1	0	5415.0
4	11	1	0	5290.0
3	11	1	0	5770.0
2	11	1	0	5688.0
1	11	1	0	6403.0
6	11	0	0	4352.0
5	11	1	0	6619.0
4	11	1	0	5654.0
3	11	1	0	6366.0
2	11	1	0	7156.0
1	11	1	0	7762.0
6	11	0	0	3604.0
5	10	0	1	4738.0
4	10	0	1	3922.0
3	10	0	1	3267.0
2	10	0	1	3689.0
1	10	0	1	4109.0
6	10	0	1	4433.0
5	10	1	1	4991.0
4	10	1	1	4473.0
3	10	1	1	4665.0
2	10	1	1	5470.0
1	10	1	1	6795.0
6	10	0	0	3761.0
5	10	0	0	4819.0
4	10	0	0	3541.0
3	10	0	0	3871.0
2	10	0	0	3527.0
1	10	0	0	4086.0
6	10	0	0	4461.0
5	10	1	0	5208.0
4	10	1	0	5067.0
3	10	1	0	5493.0
2	10	1	0	6518.0
1	10	1	0	7279.0
6	10	0	0	4956.0
4	10	1	0	5602.0
3	10	1	0	6156.0
2	9	1	0	6644.0
1	9	1	0	7045.0
6	9	0	0	4070.0
5	9	0	0	3893.0
4	9	0	0	3581.0
3	9	0	0	3549.0
2	9	0	0	3784.0
1	9	0	0	3776.0
6	9	0	0	3857.0
5	9	1	0	4817.0
4	9	1	0	4865.0
3	9	1	0	5156.0
2	9	1	0	5635.0
1	9	1	0	6004.0
6	9	0	0	6485.0
5	9	0	0	6887.0
4	9	0	0	7239.0
3	9	0	0	8344.0
2	9	0	0	9493.0
1	9	0	0	12964.0
6	9	0	0	9079.0
5	9	1	1	0.0
4	8	1	1	4540.0
3	8	1	1	9124.0
2	8	1	1	11876.0
1	8	1	1	19191.0
6	8	0	1	15353.0
5	8	0	1	13386.0
4	8	0	1	12921.0
3	8	0	1	3497.0
2	8	0	1	2978.0
1	8	0	1	3835.0
6	8	0	1	3672.0
5	8	1	1	5416.0
4	8	1	1	4920.0
3	8	1	1	5241.0
2	8	1	1	6428.0
1	8	1	1	7250.0
6	8	0	1	4005.0
5	8	1	1	5151.0
4	7	1	0	5201.0
3	7	1	1	6359.0
2	7	1	1	5981.0
1	7	1	1	6419.0
6	7	0	0	3952.0
5	7	0	0	4312.0
4	7	0	0	4137.0
3	7	0	0	3974.0
2	7	0	0	4309.0
1	7	0	0	4323.0
6	7	0	0	3759.0
5	7	1	0	5002.0
4	7	1	0	5505.0
3	7	1	0	5720.0
2	7	1	0	6041.0
1	7	1	0	6903.0
6	7	0	0	3909.0
5	7	0	0	3721.0
4	7	0	0	3408.0
3	7	0	0	3391.0
2	7	0	0	3805.0
1	7	0	0	3722.0
6	7	0	0	3834.0
5	7	1	0	4738.0
4	7	1	0	4917.0
3	7	1	0	5391.0
2	7	1	0	5450.0
1	6	1	0	9311.0
6	6	0	0	4184.0
5	6	0	0	4089.0
4	6	0	0	3505.0
3	6	0	0	3628.0
2	6	0	0	3602.0
1	6	0	0	4076.0
6	6	0	0	4032.0
5	6	1	0	7130.0
3	6	1	0	5862.0
2	6	1	0	6532.0
1	6	1	0	7089.0
6	6	0	0	4135.0
5	6	0	0	4040.0
4	6	0	0	4076.0
3	6	0	0	4047.0
2	6	0	0	4146.0
6	6	0	0	4278.0
5	6	1	0	4987.0
4	6	1	0	5576.0
3	6	1	0	5517.0
2	6	1	0	5613.0
1	6	1	0	7135.0
6	5	0	0	3723.0
5	5	0	0	5201.0
3	5	0	0	5543.0
2	5	0	0	3723.0
1	5	0	0	3696.0
6	5	0	0	3719.0
5	5	1	0	5383.0
4	5	1	0	4416.0
3	5	1	0	5268.0
2	5	1	0	4652.0
1	5	1	0	6725.0
6	5	0	0	3774.0
5	5	0	0	3845.0
4	5	0	0	3782.0
3	5	0	0	3967.0
2	5	0	0	3829.0
1	5	0	0	4158.0
6	5	0	0	4063.0
5	5	1	0	5878.0
4	5	1	0	5298.0
3	5	1	0	5619.0
2	5	1	0	5914.0
1	5	1	0	7099.0
6	5	0	0	4080.0
5	5	1	0	6904.0
3	4	1	0	6368.0
2	4	1	0	5700.0
1	4	1	0	8107.0
6	4	0	0	4301.0
5	4	0	1	3681.0
4	4	0	1	3301.0
3	4	0	1	4000.0
2	4	0	1	3738.0
6	4	0	1	4848.0
4	4	1	1	6516.0
3	4	1	1	5773.0
2	4	1	1	5991.0
1	4	1	1	8397.0
6	4	0	0	3674.0
5	4	0	0	3769.0
4	4	0	0	3156.0
3	4	0	0	3566.0
2	4	0	0	3953.0
1	4	0	0	3433.0
6	4	0	0	3836.0
5	4	1	0	5593.0
4	4	1	0	5073.0
3	4	1	0	5146.0
2	4	1	0	5107.0
1	3	1	0	7068.0
6	3	0	0	3768.0
5	3	0	0	4018.0
4	3	0	0	3405.0
3	3	0	0	3578.0
2	3	0	0	3451.0
1	3	0	0	3588.0
6	3	0	0	3799.0
5	3	1	0	5488.0
4	3	1	0	4743.0
3	3	1	0	5625.0
2	3	1	0	5547.0
1	3	1	0	6731.0
6	3	0	0	3946.0
5	3	0	0	3770.0
4	3	0	0	3244.0
3	3	0	0	3078.0
2	3	0	0	3374.0
1	3	0	0	3416.0
6	3	0	0	3838.0
5	3	1	0	5250.0
4	3	1	0	5689.0
3	3	1	0	5236.0
2	3	1	0	6007.0
1	3	1	0	7280.0
6	3	0	0	4659.0
5	2	0	0	4555.0
4	2	0	0	4008.0
3	2	0	0	3314.0
2	2	0	0	3022.0
1	2	0	0	3520.0
6	2	0	0	3572.0
5	2	1	0	5635.0
4	2	1	0	4823.0
3	2	1	0	5282.0
2	2	1	0	5434.0
1	2	1	0	5848.0
6	2	0	0	3820.0
5	2	0	0	4765.0
4	2	0	0	3177.0
3	2	0	0	3435.0
2	2	0	0	2741.0
1	2	0	0	3490.0
6	2	0	0	4040.0
5	2	1	0	5775.0
4	2	1	0	4593.0
3	2	1	0	5790.0
2	2	1	0	6452.0
1	2	1	0	7698.0
6	2	0	0	3885.0
5	1	0	0	4371.0
4	1	0	0	3586.0
3	1	0	0	3469.0
2	1	0	0	2800.0
1	1	0	0	3612.0
6	1	0	0	4022.0
5	1	1	0	5107.0
4	1	1	0	4729.0
3	1	1	0	5985.0
2	1	1	0	6247.0
1	1	1	0	7897.0
6	1	0	0	3519.0
5	1	0	0	3799.0
4	1	0	0	3352.0
3	1	0	0	3153.0
2	1	0	0	3143.0
1	1	0	0	3191.0
6	1	0	0	3571.0
5	1	1	1	4932.0
4	1	1	1	4934.0
3	1	1	1	5281.0
2	1	1	1	6027.0
1	1	1	1	7491.0
6	1	0	1	3592.0
5	1	0	1	3652.0
4	1	0	1	4392.0
2	12	0	1	2392.0
1	12	0	1	5785.0
6	12	0	1	4263.0
5	12	0	1	4440.0
2	12	0	1	3653.0
1	12	0	1	8410.0
6	12	0	0	6080.0
5	12	1	0	7798.0
4	12	1	0	7283.0
3	12	1	0	7348.0
2	12	1	0	8088.0
1	12	1	0	9431.0
6	12	0	0	4586.0
5	12	0	0	4871.0
4	12	0	0	3797.0
3	12	0	0	4019.0
2	12	0	0	4178.0
1	12	0	0	4176.0
6	12	0	0	4659.0
5	12	1	0	5489.0
4	12	1	0	6233.0
3	12	1	0	6680.0
2	12	1	0	6390.0
1	12	1	0	7357.0
6	11	0	0	4637.0
5	11	0	0	5310.0
4	11	0	0	3795.0
3	11	0	0	3997.0
2	11	0	0	3471.0
1	11	0	0	3463.0
6	11	0	0	4046.0
5	11	1	0	4569.0
4	11	1	0	4896.0
3	11	1	0	4964.0
2	11	1	0	5278.0
1	11	1	0	6667.0
6	11	0	0	3789.0
5	11	0	0	3766.0
4	11	0	0	3236.0
3	11	0	0	3174.0
2	11	0	0	2981.0
1	11	0	0	3393.0
6	11	0	0	4010.0
5	11	1	0	4734.0
4	11	1	0	9966.0
3	11	1	0	5057.0
2	11	1	0	5409.0
1	11	1	0	7565.0
6	11	0	0	4393.0
5	11	0	0	4189.0
4	10	0	0	4132.0
3	10	0	0	4140.0
2	10	0	0	6429.0
1	10	0	0	3073.0
6	10	0	0	3509.0
5	10	1	1	4671.0
4	10	1	1	6038.0
3	10	1	1	5179.0
2	10	1	1	6081.0
1	10	1	1	7076.0
6	10	0	1	3238.0
5	10	0	1	5035.0
4	10	0	1	3036.0
3	10	0	1	3268.0
2	10	0	1	4723.0
1	10	0	1	3561.0
6	10	0	0	4028.0
5	10	1	0	5469.0
4	10	1	0	6466.0
3	10	1	0	5598.0
2	10	1	0	6628.0
1	10	1	0	6897.0
6	10	0	0	4790.0
5	10	0	0	4356.0
3	10	0	0	4309.0
2	10	0	0	4393.0
1	9	0	0	4475.0
6	9	0	0	3604.0
5	9	1	0	5185.0
4	9	1	0	7489.0
3	9	1	0	4191.0
2	9	1	0	7438.0
1	9	1	0	6004.0
6	9	0	0	3014.0
5	9	0	0	4384.0
4	9	0	0	2997.0
3	9	0	0	2915.0
2	9	0	0	5634.0
1	9	0	0	3322.0
6	9	0	0	3115.0
5	9	1	0	5146.0
4	9	1	0	6123.0
3	9	1	0	4902.0
2	9	1	0	7679.0
1	9	1	0	6976.0
6	9	0	0	3577.0
5	9	0	0	4543.0
4	9	0	0	4448.0
3	9	0	0	3393.0
2	9	0	0	3659.0
1	9	0	0	3957.0
6	8	0	0	4223.0
5	8	1	0	6347.0
4	8	1	0	5819.0
3	8	1	0	5354.0
2	8	1	0	5734.0
1	8	1	0	6272.0
6	8	0	0	3087.0
5	8	0	0	4433.0
4	8	0	0	3092.0
3	8	0	0	3761.0
2	8	0	0	3748.0
1	8	0	0	3514.0
6	8	0	0	3347.0
5	8	1	1	5731.0
4	8	1	1	5017.0
3	8	1	1	5091.0
2	8	1	1	6065.0
1	8	1	1	7345.0
6	8	0	1	3069.0
5	8	0	1	5004.0
4	8	0	1	3057.0
3	8	0	1	3408.0
2	8	0	1	3651.0
1	8	0	1	3197.0
6	8	0	1	3525.0
5	8	1	1	5209.0
4	8	1	1	4757.0
3	7	1	1	5230.0
2	7	1	1	7015.0
1	7	1	1	8298.0
6	7	0	1	3098.0
5	7	0	1	4064.0
4	7	0	1	3302.0
3	7	0	1	3712.0
2	7	0	1	3635.0
1	7	0	1	3724.0
6	7	0	1	3973.0
5	7	1	1	5683.0
4	7	1	1	4970.0
3	7	1	1	5613.0
2	7	1	1	5930.0
1	7	1	1	7709.0
6	7	0	1	3525.0
5	7	0	1	3980.0
4	7	0	1	3494.0
3	7	0	1	3650.0
2	7	0	1	3777.0
1	7	0	1	4344.0
6	7	0	1	4044.0
5	7	1	0	5647.0
4	7	1	0	5766.0
3	7	1	0	6039.0
2	7	1	0	6828.0
1	7	1	0	7489.0
6	6	0	0	4710.0
5	6	0	0	4239.0
4	6	0	0	4281.0
3	6	0	0	3878.0
2	6	0	0	5147.0
1	6	0	0	3816.0
6	6	0	0	4360.0
5	6	1	0	5613.0
4	6	1	0	4824.0
3	6	1	0	4218.0
2	6	1	0	6545.0
1	6	1	0	6615.0
6	6	0	0	3892.0
5	6	0	0	4618.0
4	6	0	0	3810.0
3	6	0	0	4712.0
2	6	0	0	4616.0
1	6	0	0	3913.0
6	6	0	0	4244.0
5	6	1	0	5346.0
4	6	1	0	5140.0
3	6	1	0	5418.0
2	6	1	0	5920.0
1	6	1	0	6913.0
6	6	0	0	4031.0
5	5	1	0	7389.0
3	5	1	0	5963.0
2	5	1	0	7295.0
1	5	1	0	6814.0
6	5	0	0	4089.0
5	5	0	0	3261.0
4	5	0	0	3913.0
3	5	0	0	3788.0
2	5	0	0	4309.0
6	5	0	0	3528.0
5	5	1	0	5431.0
4	5	1	0	6976.0
3	5	1	0	5853.0
2	5	1	0	6732.0
1	5	1	0	5808.0
6	5	0	0	4026.0
5	5	0	0	4844.0
3	5	0	0	4337.0
2	5	0	0	6867.0
1	5	0	0	4102.0
6	5	0	0	4140.0
5	5	1	0	5757.0
4	5	1	0	5949.0
2	4	1	0	7834.0
1	4	1	0	6020.0
6	4	0	0	4308.0
5	4	1	0	5269.0
4	4	1	0	5190.0
3	4	1	0	4143.0
2	4	1	0	5768.0
1	4	1	0	6276.0
6	4	0	0	4152.0
5	4	0	0	4765.0
4	4	0	0	4850.0
3	4	0	0	2838.0
2	4	0	0	5090.0
1	4	0	0	3336.0
6	4	0	0	3705.0
5	4	1	0	5112.0
4	4	1	0	5375.0
3	4	1	0	4407.0
2	4	1	0	6948.0
1	4	1	0	6462.0
6	4	0	0	3649.0
5	4	0	1	3765.0
4	4	0	1	3453.0
3	4	0	1	3188.0
2	4	0	1	7094.0
6	3	0	0	6282.0
4	3	1	1	6218.0
3	3	1	1	5338.0
2	3	1	1	7107.0
1	3	1	1	6298.0
6	3	0	0	3212.0
5	3	1	0	4868.0
4	3	1	0	5502.0
3	3	1	0	4555.0
2	3	1	0	7579.0
1	3	1	0	6379.0
6	3	0	0	3272.0
5	3	0	0	3873.0
4	3	0	0	3739.0
3	3	0	0	3177.0
2	3	0	0	2002.0
1	3	0	0	3137.0
6	3	0	0	3810.0
5	3	1	0	5522.0
4	3	1	0	4822.0
3	3	1	0	4597.0
2	3	1	0	5838.0
1	3	1	0	7081.0
6	3	0	0	4226.0
5	3	0	0	4312.0
4	2	0	0	3150.0
3	2	0	0	3329.0
2	2	0	0	3301.0
1	2	0	0	3057.0
6	2	0	0	3340.0
5	2	1	0	4712.0
4	2	1	0	4530.0
3	2	1	0	4588.0
2	2	1	0	5319.0
1	2	1	0	6561.0
6	2	0	0	3442.0
5	2	0	0	4381.0
4	2	0	0	3567.0
3	2	0	0	3312.0
2	2	0	0	3463.0
1	2	0	0	3389.0
6	2	0	0	3471.0
5	2	1	0	5206.0
4	2	1	0	5410.0
3	2	1	0	5099.0
2	2	1	0	5558.0
1	2	1	0	6334.0
6	2	0	0	4239.0
5	2	0	0	3768.0
4	1	0	0	3367.0
3	1	0	0	3789.0
2	1	0	0	3059.0
1	1	0	0	3066.0
6	1	0	0	3624.0
5	1	1	0	4936.0
4	1	1	0	4153.0
3	1	1	0	5063.0
2	1	1	0	4784.0
1	1	1	0	4171.0
6	1	0	0	3190.0
5	1	0	0	3046.0
4	1	0	0	3834.0
3	1	0	0	2326.0
2	1	0	0	2768.0
1	1	0	0	2953.0
6	1	0	0	3357.0
5	1	1	1	4678.0
4	1	1	1	5471.0
3	1	1	1	4229.0
2	1	1	1	5245.0
1	1	1	1	7395.0
6	1	0	1	2958.0
5	1	0	1	3490.0
4	1	0	1	3492.0
3	1	0	1	3961.0
