5	7	1	0	7384.0
4	7	1	0	7351.0
3	7	1	0	5278.0
2	7	1	0	5849.0
1	7	1	0	6358.0
6	7	0	0	2235.0
5	7	0	0	3983.0
4	7	0	0	3666.0
3	7	0	0	3674.0
2	7	0	0	3676.0
1	7	0	0	3995.0
6	7	0	0	3117.0
5	7	1	0	4351.0
4	7	1	0	4855.0
3	7	1	0	5242.0
2	7	1	0	5499.0
1	7	1	0	6212.0
6	7	0	0	2157.0
5	7	0	0	3615.0
4	7	0	0	3842.0
3	7	0	0	3388.0
2	7	0	0	3769.0
1	7	0	0	3932.0
6	7	0	0	2457.0
5	7	1	0	4763.0
4	7	1	0	5208.0
3	7	1	0	6411.0
2	6	1	0	5031.0
1	6	1	0	7051.0
6	6	0	0	1861.0
5	6	0	0	3882.0
4	6	0	0	3543.0
3	6	0	0	3651.0
2	6	0	0	3453.0
1	6	0	0	3890.0
6	6	0	0	2056.0
5	6	1	0	5056.0
4	6	1	0	4562.0
3	6	1	0	5379.0
2	6	1	0	5807.0
1	6	1	0	6983.0
6	6	0	0	2435.0
5	6	0	0	3334.0
4	6	0	0	3377.0
3	6	0	0	3603.0
2	6	0	0	3888.0
1	6	0	0	4138.0
6	6	0	0	2372.0
5	6	1	1	5783.0
3	6	1	1	5241.0
2	6	1	1	5830.0
1	6	1	1	6762.0
6	5	0	0	2249.0
5	5	0	1	4200.0
4	5	0	1	3786.0
3	5	0	1	4340.0
2	5	0	1	5524.0
6	5	0	0	2143.0
5	5	1	0	4221.0
4	5	1	0	4957.0
3	5	1	0	5813.0
2	5	1	0	5061.0
1	5	1	0	7672.0
6	5	0	0	2431.0
5	5	0	0	4332.0
3	5	0	0	4420.0
2	5	0	0	3313.0
1	5	0	0	4209.0
6	5	0	0	2336.0
5	5	1	0	4729.0
4	5	1	0	5274.0
3	5	1	0	6131.0
2	5	1	0	5638.0
1	5	1	0	6089.0
6	5	0	0	2963.0
4	4	1	0	6660.0
3	4	1	0	7818.0
2	4	1	0	5019.0
1	4	1	0	6408.0
6	4	0	0	2155.0
5	4	0	0	3635.0
4	4	0	0	3646.0
3	4	0	0	4096.0
2	4	0	0	3773.0
1	4	0	0	4197.0
6	4	0	0	2037.0
5	4	1	0	4438.0
4	4	1	0	4186.0
3	4	1	0	4428.0
2	4	1	0	6104.0
1	4	1	0	7537.0
6	4	0	0	2068.0
5	4	0	1	3592.0
4	4	0	1	3515.0
3	4	0	1	4031.0
2	4	0	1	5093.0
6	4	0	0	3353.0
4	4	1	1	5794.0
3	4	1	1	6649.0
2	3	1	1	5293.0
1	3	1	1	7301.0
6	3	0	0	2245.0
5	3	0	0	3469.0
4	3	0	0	3094.0
3	3	0	0	4265.0
2	3	0	0	3564.0
1	3	0	0	4133.0
6	3	0	0	2297.0
5	3	1	0	5203.0
4	3	1	0	5266.0
3	3	1	0	4689.0
2	3	1	0	5083.0
1	3	1	0	6869.0
6	3	0	0	2495.0
5	3	0	0	3622.0
4	3	0	0	3399.0
3	3	0	0	3508.0
2	3	0	0	3898.0
1	3	0	0	3251.0
6	3	0	0	2038.0
5	3	1	0	4815.0
4	3	1	0	4194.0
3	3	1	0	5151.0
2	3	1	0	5833.0
1	3	1	0	6962.0
6	2	0	0	2375.0
5	2	0	0	3863.0
4	2	0	0	3534.0
3	2	0	0	3019.0
2	2	0	0	3728.0
1	2	0	0	3699.0
6	2	0	0	2032.0
5	2	1	1	4780.0
4	2	1	1	4847.0
3	2	1	1	4912.0
2	2	1	1	4235.0
1	2	1	1	7077.0
6	2	0	0	2591.0
5	2	0	0	4245.0
4	2	0	0	3738.0
3	2	0	0	3841.0
2	2	0	0	4047.0
1	2	0	0	3496.0
6	2	0	0	2539.0
5	2	1	0	4872.0
4	2	1	0	4395.0
3	2	1	0	5112.0
2	2	1	0	4900.0
1	2	1	0	5162.0
6	1	0	0	2873.0
5	1	1	0	5942.0
4	1	1	0	4876.0
3	1	1	0	5496.0
2	1	1	0	5025.0
1	1	1	0	6357.0
6	1	0	0	2128.0
5	1	0	0	3911.0
4	1	0	0	3599.0
3	1	0	0	3253.0
2	1	0	0	3677.0
1	1	0	0	4124.0
6	1	0	0	2197.0
5	1	1	0	4478.0
4	1	1	0	4676.0
3	1	1	0	4631.0
2	1	1	0	5325.0
1	1	1	0	6316.0
6	1	0	0	2297.0
5	1	1	0	5138.0
4	1	1	0	5189.0
3	1	1	0	5979.0
1	1	1	1	7564.0
6	1	0	0	2254.0
5	1	0	1	3857.0
1	6	1	0	7687.0
6	6	0	0	2206.0
5	6	0	0	3560.0
4	6	0	0	3295.0
3	6	0	0	3277.0
2	6	0	0	3700.0
1	6	0	0	3650.0
6	6	0	0	2405.0
5	6	1	1	5704.0
3	6	1	1	5374.0
2	6	1	1	5896.0
1	6	1	1	6144.0
6	6	0	0	2423.0
5	6	0	1	3548.0
4	6	0	1	3140.0
3	6	0	1	3293.0
2	6	0	1	4071.0
6	6	0	0	2846.0
5	6	1	0	4945.0
4	6	1	0	5042.0
3	6	1	0	5199.0
2	6	1	0	6737.0
1	6	1	0	7258.0
6	5	0	0	2528.0
5	5	0	0	5352.0
3	5	0	0	4286.0
2	5	0	0	3410.0
1	5	0	0	3633.0
6	5	0	0	2169.0
5	5	1	0	4721.0
4	5	1	0	4750.0
3	5	1	0	4831.0
2	5	1	0	5235.0
1	5	1	0	6454.0
6	5	0	0	2152.0
5	5	0	0	3662.0
4	5	0	0	3295.0
3	5	0	0	3658.0
2	5	0	0	3459.0
1	5	0	0	3724.0
6	5	0	0	2323.0
5	5	1	0	5021.0
4	5	1	0	5365.0
3	5	1	0	4434.0
2	5	1	0	6007.0
1	5	1	0	6757.0
6	5	0	0	2523.0
5	5	1	0	5165.0
3	4	1	0	7152.0
2	4	1	0	6588.0
1	4	1	0	7307.0
6	4	0	0	2181.0
5	4	0	1	3806.0
4	4	0	1	3033.0
3	4	0	1	3340.0
2	4	0	1	3945.0
6	4	0	0	2755.0
4	4	1	1	6004.0
3	4	1	1	6411.0
2	4	1	1	6605.0
1	4	1	1	6837.0
6	4	0	0	2252.0
5	4	0	0	3782.0
4	4	0	0	3581.0
3	4	0	0	3505.0
2	4	0	0	3139.0
1	4	0	0	3770.0
6	4	0	0	2554.0
5	4	1	0	4733.0
4	4	1	0	4842.0
3	4	1	0	4910.0
2	4	1	0	6336.0
1	3	1	0	7601.0
6	3	0	0	2121.0
5	3	0	0	3294.0
4	3	0	0	3541.0
3	3	0	0	3215.0
2	3	0	0	3086.0
1	3	0	0	3518.0
6	3	0	0	2217.0
5	3	1	0	4679.0
4	3	1	0	3894.0
3	3	1	0	5042.0
2	3	1	0	5324.0
1	3	1	0	6125.0
6	3	0	0	1906.0
5	3	0	0	3605.0
4	3	0	0	3100.0
3	3	0	0	2980.0
2	3	0	0	3348.0
1	3	0	0	3771.0
6	3	0	0	2243.0
5	3	1	1	4865.0
4	3	1	1	4764.0
3	3	1	1	5954.0
2	3	1	1	5277.0
1	3	1	1	7541.0
6	3	0	0	2190.0
5	2	0	0	4254.0
4	2	0	0	3392.0
3	2	0	0	3352.0
2	2	0	0	3423.0
1	2	0	0	3335.0
6	2	0	0	2063.0
5	2	1	0	4780.0
4	2	1	0	4844.0
3	2	1	0	5286.0
2	2	1	0	5658.0
1	2	1	0	6913.0
6	2	0	0	2015.0
5	2	0	0	3530.0
4	2	0	0	3271.0
3	2	0	0	3535.0
2	2	0	0	3185.0
1	2	0	0	3398.0
6	2	0	0	2138.0
5	2	1	0	5408.0
4	2	1	0	5408.0
3	2	1	0	5530.0
2	2	1	0	6314.0
1	2	1	0	6939.0
6	2	0	0	2537.0
5	1	0	0	5192.0
4	1	0	0	4345.0
3	1	0	0	3938.0
2	1	0	0	3812.0
1	1	0	0	3499.0
6	1	0	0	2046.0
5	1	1	0	4676.0
4	1	1	0	5305.0
3	1	1	0	6053.0
2	1	1	0	5884.0
1	1	1	0	7559.0
6	1	0	0	2183.0
5	1	0	0	3807.0
4	1	0	0	3075.0
3	1	0	0	3238.0
2	1	0	0	2918.0
1	1	0	0	3867.0
6	1	0	0	2103.0
5	1	1	0	5713.0
4	1	1	0	5698.0
3	1	1	0	7249.0
2	1	1	0	7753.0
6	1	0	0	2154.0
5	1	0	1	3893.0
4	1	0	1	3931.0
2	12	0	1	2888.0
1	12	0	1	5958.0
6	12	0	0	2186.0
5	12	0	1	4564.0
2	12	0	1	3314.0
1	12	0	1	7383.0
6	12	0	0	3549.0
5	12	1	0	6165.0
4	12	1	0	6572.0
3	12	1	0	7348.0
2	12	1	0	7813.0
1	12	1	0	9409.0
6	12	0	0	2743.0
5	12	0	0	4570.0
4	12	0	0	4294.0
3	12	0	0	3966.0
2	12	0	0	4023.0
1	12	0	0	4367.0
6	12	0	0	2619.0
5	12	1	0	4742.0
4	12	1	0	6391.0
3	12	1	0	5982.0
2	12	1	0	6851.0
1	12	1	0	8309.0
6	11	0	0	3283.0
5	11	0	0	4752.0
4	11	0	0	3904.0
3	11	0	0	3662.0
2	11	0	0	3428.0
1	11	0	0	3884.0
6	11	0	0	1881.0
5	11	1	0	5622.0
4	11	1	0	4909.0
3	11	1	0	5089.0
2	11	1	0	5324.0
1	11	1	0	6767.0
6	11	0	0	2109.0
5	11	0	0	4074.0
4	11	0	0	2961.0
3	11	0	0	3472.0
2	11	0	0	3530.0
1	11	0	0	3707.0
6	11	0	0	2433.0
5	11	1	0	5357.0
4	11	1	0	5680.0
3	11	1	0	5004.0
2	11	1	0	6272.0
1	11	1	0	7216.0
6	11	0	0	3007.0
4	10	0	1	5268.0
3	10	0	1	4505.0
2	10	0	1	3975.0
1	10	0	1	4442.0
6	10	0	0	2264.0
5	10	1	0	5031.0
4	10	1	0	4751.0
3	10	1	0	5035.0
2	10	1	0	5523.0
1	10	1	0	7067.0
6	10	0	0	1845.0
5	10	0	0	3749.0
4	10	0	0	3301.0
3	10	0	0	3091.0
2	10	0	0	4077.0
1	10	0	0	3956.0
6	10	0	0	2438.0
5	10	1	0	5166.0
4	10	1	0	4602.0
3	10	1	0	5310.0
2	10	1	0	6485.0
1	10	1	0	7569.0
6	10	0	0	1611.0
5	10	0	0	4632.0
3	10	0	0	3792.0
2	10	0	0	3620.0
1	9	0	0	4403.0
6	9	0	0	1957.0
5	9	1	0	5190.0
4	9	1	0	4583.0
3	9	1	0	4275.0
2	9	1	0	5219.0
1	9	1	0	7019.0
6	9	0	0	1824.0
5	9	0	0	3007.0
4	9	0	0	3418.0
3	9	0	0	2971.0
2	9	0	0	3282.0
1	9	0	0	3052.0
6	9	0	0	2071.0
5	9	1	0	5397.0
4	9	1	0	4719.0
3	9	1	1	5490.0
2	9	1	1	5418.0
1	9	1	1	7177.0
6	9	0	0	2111.0
5	9	0	1	3196.0
4	9	0	1	3015.0
3	9	0	1	2774.0
2	9	0	1	3484.0
1	9	0	1	3449.0
6	8	0	0	2353.0
5	8	1	1	5212.0
4	8	1	1	5256.0
3	8	1	1	4616.0
2	8	1	1	5555.0
1	8	1	1	7001.0
6	8	0	0	1845.0
5	8	0	1	3382.0
4	8	0	1	2819.0
3	8	0	1	3433.0
2	8	0	1	3645.0
1	8	0	1	3204.0
6	8	0	0	1843.0
5	8	1	1	5632.0
3	8	1	1	5495.0
2	8	1	1	6237.0
1	8	1	1	6842.0
6	8	0	0	2038.0
5	8	0	1	2829.0
4	8	0	1	5210.0
3	8	0	1	3586.0
2	8	0	1	3730.0
1	8	0	1	3812.0
6	8	0	0	2689.0
5	8	1	1	5052.0
4	8	1	1	4985.0
3	7	1	1	8155.0
2	7	1	0	8215.0
1	7	1	0	7764.0
6	7	0	0	2449.0
5	7	0	0	3467.0
4	7	0	0	3395.0
3	7	0	0	3719.0
2	7	0	0	3011.0
1	7	0	0	3871.0
6	7	0	0	2606.0
5	7	1	0	5565.0
4	7	1	0	4712.0
3	7	1	0	5002.0
2	7	1	0	5970.0
1	7	1	0	7477.0
6	7	0	0	2226.0
5	7	0	0	4116.0
4	7	0	0	3160.0
3	7	0	0	3198.0
2	7	0	0	3092.0
1	7	0	0	3614.0
6	7	0	0	2329.0
5	7	1	0	4744.0
4	7	1	0	4841.0
3	7	1	0	5048.0
2	7	1	0	5432.0
1	7	1	0	6577.0
6	6	0	0	2195.0
5	6	0	0	3874.0
4	6	0	0	3268.0
3	6	0	0	3548.0
2	6	0	0	3748.0
1	6	0	0	3320.0
6	6	0	0	2060.0
5	6	1	0	4341.0
4	6	1	0	4067.0
3	6	1	0	4601.0
2	6	1	0	5272.0
1	6	1	0	5315.0
6	6	0	0	1961.0
5	6	0	0	3807.0
4	6	0	0	2897.0
3	6	0	0	2898.0
2	6	0	0	3180.0
1	6	0	0	3772.0
6	6	0	0	2152.0
5	6	1	0	5106.0
4	6	1	0	5060.0
3	6	1	0	4998.0
2	6	1	0	6181.0
1	6	1	0	6866.0
6	6	0	0	2559.0
5	5	1	1	5804.0
3	5	1	1	5888.0
2	5	1	1	4957.0
1	5	1	1	6086.0
6	5	0	0	1973.0
5	5	0	1	3332.0
4	5	0	1	3488.0
3	5	0	1	3393.0
2	5	0	1	4124.0
6	5	0	0	2478.0
5	5	1	0	5745.0
4	5	1	0	4758.0
3	5	1	0	4927.0
2	5	1	0	5907.0
1	5	1	0	6185.0
6	5	0	0	2223.0
5	5	0	0	4457.0
3	5	0	0	3932.0
2	5	0	0	4018.0
1	5	0	0	4205.0
6	5	0	0	2327.0
5	5	1	0	5695.0
4	5	1	0	5255.0
2	4	1	0	7734.0
1	4	1	0	7134.0
6	4	0	0	2727.0
5	4	1	0	4920.0
4	4	1	0	3898.0
3	4	1	0	4452.0
2	4	1	0	5405.0
1	4	1	0	5372.0
6	4	0	0	2051.0
5	4	0	0	3388.0
4	4	0	0	3356.0
3	4	0	0	2956.0
2	4	0	0	3419.0
1	4	0	0	3586.0
6	4	0	0	1757.0
5	4	1	0	4779.0
4	4	1	0	4540.0
3	4	1	0	4498.0
2	4	1	0	5037.0
1	4	1	0	6414.0
6	4	0	0	1636.0
5	4	0	1	3271.0
4	4	0	1	3843.0
3	4	0	1	3810.0
2	4	0	1	4270.0
6	3	0	0	3089.0
4	3	1	1	6342.0
3	3	1	1	5187.0
2	3	1	1	4987.0
1	3	1	1	6134.0
6	3	0	0	2136.0
5	3	1	0	4446.0
4	3	1	0	3994.0
3	3	1	0	4545.0
2	3	1	0	6045.0
1	3	1	0	6366.0
6	3	0	0	1903.0
5	3	0	0	3332.0
4	3	0	0	3372.0
3	3	0	0	2850.0
2	3	0	0	3548.0
1	3	0	0	3502.0
6	3	0	0	2251.0
5	3	1	0	4827.0
4	3	1	0	4377.0
3	3	1	0	4565.0
2	3	1	0	6267.0
1	3	1	0	6938.0
6	3	0	0	1888.0
5	3	0	0	3917.0
4	2	0	0	3586.0
3	2	0	0	3595.0
2	2	0	0	2791.0
1	2	0	0	3711.0
6	2	0	0	1963.0
5	2	1	0	4347.0
4	2	1	0	4738.0
3	2	1	0	5196.0
2	2	1	0	5553.0
1	2	1	0	6592.0
6	2	0	0	2153.0
5	2	0	1	2895.0
4	2	0	1	3481.0
3	2	0	1	3517.0
2	2	0	1	1652.0
1	2	0	1	3543.0
6	2	0	0	1968.0
5	2	1	0	4819.0
4	2	1	0	4470.0
3	2	1	0	4795.0
2	2	1	0	5646.0
1	2	1	0	5675.0
6	2	0	0	2307.0
5	2	0	0	3351.0
4	1	0	0	4936.0
3	1	0	0	4170.0
2	1	0	0	3220.0
1	1	0	0	3429.0
6	1	0	0	1752.0
5	1	1	0	4639.0
4	1	1	0	3675.0
3	1	1	0	5129.0
2	1	1	0	6032.0
1	1	1	0	6052.0
6	1	0	0	2167.0
5	1	0	0	3101.0
4	1	0	0	2496.0
3	1	0	0	3405.0
2	1	0	0	3312.0
1	1	0	0	3800.0
6	1	0	0	1787.0
5	1	1	0	4698.0
4	1	1	0	4989.0
3	1	1	0	4906.0
2	1	1	0	5231.0
1	1	1	0	7538.0
6	1	0	0	1690.0
5	1	0	1	4184.0
4	1	0	1	3401.0
3	1	0	1	3781.0
