5	7	1	1	7224.0
4	7	1	1	6591.0
3	7	1	1	6579.0
2	7	1	1	5890.0
1	7	1	1	7866.0
6	7	0	0	5218.0
5	7	0	1	5443.0
4	7	0	1	5477.0
3	7	0	1	3998.0
2	7	0	1	4555.0
1	7	0	1	4948.0
6	7	0	0	4768.0
5	7	1	1	6437.0
4	7	1	1	6152.0
3	7	1	1	6179.0
2	7	1	1	6782.0
1	7	1	1	7962.0
6	7	0	0	5285.0
5	7	0	0	6481.0
4	7	0	0	6381.0
3	7	0	0	5460.0
2	7	0	0	4630.0
1	7	0	0	5342.0
6	7	0	0	5041.0
5	7	1	0	5841.0
4	7	1	0	5922.0
3	7	1	0	5229.0
2	6	1	0	8384.0
1	6	1	0	9681.0
6	6	0	0	5464.0
5	6	0	0	5266.0
4	6	0	0	4704.0
3	6	0	0	4503.0
2	6	0	0	4894.0
1	6	0	0	4525.0
6	6	0	0	4865.0
5	6	1	0	6917.0
4	6	1	0	6696.0
3	6	1	0	5933.0
2	6	1	0	6612.0
1	6	1	0	8377.0
6	6	0	0	5038.0
5	6	0	0	4559.0
4	6	0	0	4863.0
3	6	0	0	4331.0
2	6	0	0	4815.0
1	6	0	0	5041.0
6	6	0	0	4550.0
5	6	1	0	7044.0
3	6	1	0	5852.0
2	6	1	0	6578.0
1	6	1	0	8646.0
6	5	0	0	6353.0
5	5	0	0	6476.0
4	5	0	0	4579.0
3	5	0	0	5232.0
2	5	0	0	5298.0
6	5	0	0	5646.0
5	5	1	0	6375.0
4	5	1	0	5912.0
3	5	1	0	6159.0
2	5	1	0	6444.0
1	5	1	0	7314.0
6	5	0	0	4727.0
5	5	0	1	6962.0
3	5	0	0	5629.0
2	5	0	0	4181.0
1	5	0	0	4660.0
6	5	0	0	5913.0
5	5	1	0	6702.0
4	5	1	0	6273.0
3	5	1	0	5942.0
2	5	1	0	5679.0
1	5	1	0	7580.0
6	5	0	0	6913.0
4	4	1	0	7638.0
3	4	1	0	6171.0
2	4	1	0	6350.0
1	4	1	0	7255.0
6	4	0	0	5216.0
5	4	0	0	5164.0
4	4	0	0	4345.0
3	4	0	0	4393.0
2	4	0	0	3742.0
1	4	0	0	3724.0
6	4	0	0	5275.0
5	4	1	0	7543.0
4	4	1	0	6522.0
3	4	1	0	6188.0
2	4	1	0	6099.0
1	4	1	0	7912.0
6	4	0	0	5263.0
5	4	0	1	4866.0
4	4	0	1	4295.0
3	4	0	1	5006.0
2	4	0	1	5421.0
6	4	0	0	8159.0
4	4	1	1	7520.0
3	4	1	0	7780.0
2	3	1	0	9338.0
1	3	1	0	9960.0
6	3	0	0	5505.0
5	3	0	0	6027.0
4	3	0	0	5266.0
3	3	0	0	3665.0
2	3	0	0	4337.0
1	3	0	0	4366.0
6	3	0	0	5321.0
5	3	1	0	6604.0
4	3	1	0	6640.0
3	3	1	0	5134.0
2	3	1	0	5879.0
1	3	1	0	7703.0
6	3	0	0	5275.0
5	3	0	0	5434.0
4	3	0	0	4949.0
3	3	0	0	4302.0
2	3	0	0	3661.0
1	3	0	0	4052.0
6	3	0	0	4975.0
5	3	1	0	7541.0
4	3	1	0	5805.0
3	3	1	0	5213.0
2	3	1	0	5356.0
1	3	1	0	7333.0
6	2	0	0	6021.0
5	2	0	0	5812.0
4	2	0	0	4287.0
3	2	0	0	4670.0
2	2	0	0	3908.0
1	2	0	0	3780.0
6	2	0	0	4697.0
5	2	1	1	6766.0
4	2	1	1	5821.0
3	2	1	1	5509.0
2	2	1	1	4756.0
1	2	1	1	7430.0
6	2	0	0	4510.0
5	2	0	1	5912.0
4	2	0	1	4435.0
3	2	0	1	3819.0
2	2	0	1	3661.0
1	2	0	1	3922.0
6	2	0	0	5183.0
5	2	1	0	6119.0
4	2	1	0	5141.0
3	2	1	0	4840.0
2	2	1	0	5666.0
1	2	1	0	7052.0
6	1	0	0	5692.0
5	1	1	0	6876.0
4	1	1	0	5748.0
3	1	1	0	5059.0
2	1	1	0	4466.0
1	1	1	0	7049.0
6	1	0	0	5071.0
5	1	0	0	4475.0
4	1	0	0	4231.0
3	1	0	0	4156.0
2	1	0	0	3573.0
1	1	0	0	3726.0
6	1	0	0	5082.0
5	1	1	0	6636.0
4	1	1	0	5682.0
3	1	1	0	5259.0
2	1	1	0	5357.0
1	1	1	0	6564.0
6	1	0	0	5383.0
5	1	1	0	6618.0
4	1	1	0	5684.0
3	1	1	0	4452.0
2	1	1	0	5997.0
1	1	1	0	6411.0
6	1	0	0	5368.0
5	1	0	1	5815.0
3	12	0	1	2588.0
2	12	0	1	6471.0
1	12	0	1	5166.0
6	12	0	0	6633.0
3	12	0	1	3376.0
2	12	0	1	9728.0
1	12	0	1	10705.0
6	12	0	0	7558.0
5	12	1	0	8920.0
4	12	1	0	8960.0
3	12	1	0	7707.0
2	12	1	0	8875.0
1	12	1	0	9801.0
6	12	0	0	6520.0
5	12	0	0	5804.0
4	12	0	0	5680.0
3	12	0	0	4874.0
2	12	0	0	5123.0
1	12	0	0	5209.0
6	12	0	0	4941.0
5	12	1	0	8886.0
4	12	1	0	7536.0
3	12	1	0	5467.0
2	12	1	0	7489.0
1	12	1	0	7924.0
6	11	0	0	6440.0
5	11	1	0	6868.0
4	11	1	0	5839.0
3	11	1	0	5290.0
2	11	1	0	5697.0
1	11	1	0	6836.0
6	11	0	0	6059.0
5	11	0	0	5765.0
4	11	0	0	5606.0
2	11	0	0	4068.0
1	11	0	0	4250.0
6	11	0	0	5209.0
5	11	1	0	6773.0
4	11	1	0	5818.0
3	11	1	0	5303.0
2	11	1	0	4891.0
1	11	1	0	5923.0
6	11	0	0	5266.0
5	11	1	0	6393.0
4	11	1	0	5622.0
3	11	1	0	5154.0
2	11	1	0	5752.0
1	11	1	0	7652.0
6	11	0	0	6647.0
4	10	0	1	5818.0
3	10	0	1	3878.0
2	10	0	1	3602.0
1	10	0	1	4439.0
6	10	0	0	4994.0
5	10	1	1	5475.0
4	10	1	1	5038.0
3	10	1	1	4692.0
2	10	1	1	5855.0
1	10	1	1	6286.0
6	10	0	0	5935.0
5	10	0	0	6042.0
4	10	0	0	4974.0
3	10	0	0	4870.0
2	10	0	0	5197.0
1	10	0	0	4370.0
6	10	0	0	8423.0
5	10	1	0	10789.0
4	10	1	0	10536.0
3	10	1	0	11990.0
2	10	1	0	15375.0
1	10	1	0	24975.0
3	10	1	0	0.0
4	7	1	0	1557.0
3	7	1	0	2278.0
2	7	1	0	2105.0
1	6	1	0	4490.0
6	6	0	0	3190.0
5	6	0	0	3724.0
4	6	0	0	3394.0
3	6	0	0	4308.0
2	6	0	0	4509.0
1	6	0	0	6338.0
6	6	0	0	9386.0
5	6	1	0	12594.0
3	6	1	0	12301.0
2	6	1	0	12276.0
1	6	1	0	10135.0
6	6	0	0	4221.0
5	6	0	0	5059.0
4	6	0	0	4054.0
3	6	0	0	3903.0
2	6	0	0	4151.0
6	6	0	0	3554.0
5	6	1	0	5673.0
4	6	1	0	5339.0
3	6	1	0	4241.0
2	6	1	0	4912.0
1	6	1	0	5271.0
6	5	0	0	3879.0
5	5	0	1	6129.0
3	5	0	0	4992.0
2	5	0	0	3762.0
1	5	0	0	3472.0
6	5	0	0	4966.0
5	5	1	0	6246.0
4	5	1	0	5252.0
3	5	1	0	5130.0
2	5	1	0	5220.0
1	5	1	0	7021.0
6	5	0	0	3851.0
5	5	0	0	4198.0
4	5	0	0	3669.0
3	5	0	0	3765.0
2	5	0	0	3615.0
1	5	0	0	3006.0
6	5	0	0	4425.0
5	5	1	0	5966.0
4	5	1	0	5111.0
3	5	1	0	4848.0
2	5	1	0	4567.0
1	5	1	0	6446.0
6	5	0	0	4479.0
5	5	1	0	7135.0
3	4	1	0	4985.0
2	4	1	0	4900.0
1	4	1	0	5489.0
6	4	0	0	3764.0
5	4	0	1	3476.0
4	4	0	1	3485.0
3	4	0	1	2542.0
2	4	0	1	3014.0
6	4	0	0	5089.0
4	4	1	0	6234.0
3	4	1	0	6060.0
2	4	1	0	5981.0
1	4	1	0	6256.0
6	4	0	0	4120.0
5	4	0	0	4038.0
4	4	0	0	3643.0
3	4	0	0	2942.0
2	4	0	0	3147.0
1	4	0	0	3313.0
6	4	0	0	3579.0
5	4	1	0	4712.0
4	4	1	0	4288.0
3	4	1	0	3690.0
2	4	1	0	3815.0
1	3	1	0	5180.0
6	3	0	0	3104.0
5	3	0	0	3817.0
4	3	0	0	3153.0
3	3	0	0	2823.0
2	3	0	0	2563.0
1	3	0	0	3138.0
6	3	0	0	3841.0
5	3	1	0	4317.0
4	3	1	0	4068.0
3	3	1	0	3834.0
2	3	1	0	4345.0
1	3	1	0	5096.0
6	3	0	0	3791.0
5	3	0	0	3649.0
4	3	0	0	3376.0
3	3	0	0	2689.0
2	3	0	0	2960.0
1	3	0	0	2969.0
6	3	0	0	3916.0
5	3	1	0	4520.0
4	3	1	0	4445.0
3	3	1	0	3546.0
2	3	1	0	4274.0
1	3	1	0	5616.0
6	3	0	0	4100.0
5	2	0	1	4173.0
4	2	0	1	3156.0
3	2	0	1	2402.0
2	2	0	1	2519.0
1	2	0	1	2676.0
6	2	0	0	3447.0
5	2	1	1	4022.0
4	2	1	1	3858.0
3	2	1	1	3741.0
2	2	1	1	4416.0
1	2	1	1	4784.0
6	2	0	0	3775.0
5	2	0	0	4113.0
4	2	0	0	3663.0
3	2	0	0	3539.0
2	2	0	0	2893.0
1	2	0	0	3121.0
6	2	0	0	3941.0
5	2	1	0	4554.0
4	2	1	0	4021.0
3	2	1	0	4132.0
2	2	1	0	4769.0
1	2	1	0	5885.0
6	2	0	0	4152.0
5	1	0	0	4425.0
4	1	0	0	3015.0
3	1	0	0	2712.0
2	1	0	0	2670.0
1	1	0	0	2628.0
6	1	0	0	3643.0
5	1	1	0	4865.0
4	1	1	0	4317.0
3	1	1	0	3703.0
2	1	1	0	3269.0
1	1	1	0	5167.0
6	1	0	0	4241.0
5	1	0	0	3834.0
4	1	0	0	3244.0
3	1	0	0	2666.0
2	1	0	0	2541.0
1	1	0	0	3284.0
6	1	0	0	3810.0
5	1	1	0	4482.0
4	1	1	0	4093.0
3	1	1	0	3444.0
2	1	1	0	3533.0
1	1	1	0	4983.0
6	1	0	0	3993.0
5	1	0	1	4376.0
4	1	0	1	3630.0
2	12	0	1	2067.0
1	12	0	1	5671.0
6	12	0	0	4854.0
5	12	0	1	4563.0
2	12	0	1	2432.0
1	12	0	1	8858.0
6	12	0	0	5784.0
5	12	1	0	6619.0
4	12	1	0	7047.0
3	12	1	0	6673.0
2	12	1	0	6387.0
1	12	1	0	8124.0
6	12	0	0	4733.0
5	12	0	0	4103.0
4	12	0	0	4033.0
3	12	0	0	3563.0
2	12	0	0	3604.0
1	12	0	0	3398.0
6	12	0	0	3490.0
5	12	1	0	4347.0
4	12	1	0	5600.0
3	12	1	0	5345.0
2	12	1	0	5153.0
1	12	1	0	6015.0
6	11	0	0	4620.0
5	11	0	0	4547.0
4	11	0	0	3193.0
3	11	0	0	3300.0
2	11	0	0	2774.0
1	11	0	0	3611.0
6	11	0	0	3914.0
5	11	1	0	4911.0
4	11	1	0	5062.0
2	11	1	0	4888.0
1	11	1	0	5336.0
6	11	0	0	3834.0
5	11	0	0	4124.0
4	11	0	0	3433.0
3	11	0	0	3020.0
2	11	0	0	2884.0
1	11	0	0	2902.0
6	11	0	0	3853.0
5	11	1	0	4949.0
4	11	1	0	4165.0
3	11	1	0	3638.0
2	11	1	0	3482.0
1	11	1	0	4916.0
6	11	0	0	3811.0
5	11	0	1	4442.0
3	10	0	1	3717.0
2	10	0	1	2602.0
1	10	0	1	2965.0
6	10	0	0	3372.0
5	10	1	1	4323.0
4	10	1	1	4064.0
3	10	1	1	3404.0
2	10	1	1	3556.0
1	10	1	1	4259.0
6	10	0	0	3490.0
5	10	0	0	3910.0
4	10	0	0	3157.0
3	10	0	0	2742.0
2	10	0	0	2728.0
1	10	0	0	2635.0
6	10	0	0	3779.0
5	10	1	0	4507.0
4	10	1	0	3700.0
3	10	1	0	3681.0
2	10	1	0	3681.0
1	10	1	0	5086.0
6	10	0	0	3490.0
5	10	0	0	4698.0
3	10	0	0	3528.0
2	10	0	0	2887.0
1	9	0	0	3401.0
6	9	0	0	3167.0
5	9	1	0	4200.0
4	9	1	0	3622.0
3	9	1	0	3515.0
2	9	1	0	3450.0
1	9	1	0	4275.0
6	9	0	0	2995.0
5	9	0	0	3509.0
4	9	0	0	2885.0
3	9	0	0	2550.0
2	9	0	0	2643.0
1	9	0	0	2799.0
6	9	0	0	3332.0
5	9	1	0	4481.0
4	9	1	0	4380.0
3	9	1	0	4166.0
2	9	1	0	4299.0
1	9	1	0	5131.0
6	9	0	0	2794.0
5	9	0	0	3494.0
4	9	0	0	2823.0
3	9	0	0	2918.0
2	9	0	0	2991.0
1	9	0	0	2949.0
6	8	0	0	3644.0
5	8	1	0	4108.0
4	8	1	0	3778.0
3	8	1	0	3957.0
2	8	1	0	3674.0
1	8	1	0	5354.0
6	8	0	0	2915.0
5	8	0	1	3902.0
4	8	0	1	3219.0
3	8	0	1	2933.0
2	8	0	1	3406.0
1	8	0	1	3015.0
6	8	0	0	3230.0
5	8	1	1	4155.0
4	8	1	1	4292.0
3	8	1	1	3817.0
2	8	1	1	4225.0
1	8	1	1	5261.0
6	8	0	0	3158.0
5	8	0	1	3759.0
4	8	0	1	3297.0
3	8	0	1	3062.0
2	8	0	1	2866.0
1	8	0	1	3343.0
6	8	0	0	3109.0
5	8	1	1	4406.0
4	8	1	1	4559.0
3	7	1	1	4771.0
2	7	1	1	4453.0
1	7	1	1	5085.0
6	7	0	0	3265.0
5	7	0	1	3293.0
4	7	0	1	3261.0
3	7	0	1	3432.0
2	7	0	1	2848.0
1	7	0	1	2953.0
6	7	0	0	3379.0
5	7	1	1	4390.0
4	7	1	1	4146.0
3	7	1	1	3790.0
2	7	1	1	3770.0
1	7	1	1	4954.0
6	7	0	0	3776.0
5	7	0	0	4038.0
4	7	0	0	3884.0
3	7	0	0	3176.0
2	7	0	0	2843.0
1	7	0	0	2987.0
6	7	0	0	3362.0
5	7	1	0	4260.0
4	7	1	0	3880.0
3	7	1	0	3949.0
2	7	1	0	4356.0
1	7	1	0	4935.0
6	6	0	0	3741.0
5	6	0	0	3947.0
4	6	0	0	3561.0
3	6	0	0	3050.0
2	6	0	0	2975.0
1	6	0	0	3485.0
6	6	0	0	3358.0
5	6	1	0	4337.0
4	6	1	0	3140.0
3	6	1	0	2894.0
2	6	1	0	2850.0
1	6	1	0	4345.0
6	6	0	0	3360.0
5	6	0	0	3984.0
4	6	0	0	2855.0
3	6	0	0	2933.0
2	6	0	0	2629.0
1	6	0	0	3164.0
6	6	0	0	3137.0
5	6	1	0	4599.0
4	6	1	0	3462.0
3	6	1	0	3357.0
2	6	1	0	3762.0
1	6	1	0	3681.0
6	6	0	0	4015.0
5	5	1	0	4930.0
3	5	1	0	3730.0
2	5	1	0	3810.0
1	5	1	0	5061.0
6	5	0	0	3843.0
5	5	0	0	3624.0
4	5	0	0	3430.0
3	5	0	1	3109.0
2	5	0	1	3342.0
6	5	0	0	3536.0
5	5	1	0	4204.0
4	5	1	0	3695.0
3	5	1	0	2950.0
2	5	1	0	3677.0
1	5	1	0	4249.0
6	5	0	0	3882.0
5	5	0	1	4519.0
3	5	0	0	3782.0
2	5	0	0	3632.0
1	5	0	0	3274.0
6	5	0	0	3604.0
5	5	1	0	4857.0
4	5	1	0	5748.0
2	4	1	0	4924.0
1	4	1	0	5761.0
6	4	0	0	6170.0
5	4	1	0	8379.0
4	4	1	0	10204.0
3	4	1	0	14663.0
6	4	0	0	2275.0
5	4	0	1	2182.0
4	4	0	1	2032.0
3	4	0	1	1704.0
2	4	0	1	2416.0
6	3	0	0	3368.0
4	3	1	0	3509.0
3	3	1	0	2905.0
2	3	1	0	2576.0
1	3	1	0	2246.0
6	3	0	0	2376.0
5	3	1	0	2513.0
4	3	1	0	2045.0
3	3	1	0	1931.0
2	3	1	0	1425.0
1	3	1	0	1986.0
6	3	0	0	2591.0
5	3	0	0	2459.0
4	3	0	0	1876.0
3	3	0	0	1270.0
2	3	0	0	1343.0
1	3	0	0	1813.0
6	3	0	0	2393.0
5	3	1	0	2369.0
4	3	1	0	1929.0
3	3	1	0	1779.0
2	3	1	0	1828.0
1	3	1	0	1957.0
6	3	0	0	2356.0
5	3	0	0	2563.0
4	2	0	0	2266.0
3	2	0	0	1937.0
2	2	0	0	1809.0
1	2	0	0	1940.0
6	2	0	0	1778.0
5	2	1	0	2534.0
4	2	1	0	2027.0
3	2	1	0	1480.0
2	2	1	0	1323.0
1	2	1	0	2101.0
6	2	0	0	2049.0
5	2	0	1	2068.0
4	2	0	1	2386.0
3	2	0	1	1969.0
2	2	0	1	1477.0
1	2	0	1	2127.0
6	2	0	0	2456.0
5	2	1	1	2275.0
4	2	1	1	2044.0
3	2	1	1	1590.0
2	2	1	1	2005.0
1	2	1	1	1968.0
6	2	0	0	2257.0
5	2	0	0	2785.0
4	1	0	0	2162.0
3	1	0	0	1975.0
2	1	0	0	1592.0
1	1	0	0	1699.0
6	1	0	0	2326.0
5	1	1	0	2340.0
4	1	1	0	1866.0
3	1	1	0	1653.0
2	1	1	0	1578.0
1	1	1	0	1498.0
6	1	0	0	2254.0
5	1	0	0	2224.0
4	1	0	0	1712.0
3	1	0	0	1585.0
2	1	0	0	1551.0
1	1	0	0	1992.0
6	1	0	0	1961.0
5	1	1	0	2116.0
4	1	1	0	1824.0
3	1	1	0	1783.0
2	1	1	0	1956.0
1	1	1	0	1847.0
6	1	0	0	2219.0
5	1	0	0	2529.0
4	1	0	0	2161.0
3	1	0	1	1942.0
