5	7	1	1	10489.0
4	7	1	1	10132.0
3	7	1	1	10473.0
2	7	1	1	11957.0
1	7	1	1	13258.0
6	7	0	0	4908.0
5	7	0	1	8831.0
4	7	0	1	9323.0
3	7	0	1	9530.0
2	7	0	1	10508.0
1	7	0	1	10866.0
6	7	0	0	5833.0
5	7	1	1	10773.0
4	7	1	1	11800.0
3	7	1	0	11937.0
2	7	1	0	13058.0
1	7	1	0	14392.0
6	7	0	0	5835.0
5	7	0	0	9073.0
4	7	0	0	10367.0
3	7	0	0	10728.0
2	7	0	0	10309.0
1	7	0	0	11303.0
6	7	0	0	5795.0
5	7	1	0	11586.0
4	7	1	0	12949.0
3	7	1	0	13313.0
2	6	1	0	15770.0
1	6	1	0	15501.0
6	6	0	0	5101.0
5	6	0	0	8520.0
4	6	0	0	8512.0
3	6	0	0	9690.0
2	6	0	0	9348.0
1	6	0	0	10008.0
6	6	0	0	5489.0
5	6	1	0	9518.0
4	6	1	0	11101.0
3	6	1	0	11418.0
2	6	1	0	12400.0
1	6	1	0	14383.0
6	6	0	0	5937.0
5	6	0	0	9421.0
4	6	0	0	9446.0
3	6	0	0	9267.0
2	6	0	0	9697.0
1	6	0	0	11952.0
6	6	0	0	6008.0
5	6	1	0	11192.0
4	6	1	0	12859.0
3	6	1	0	12217.0
2	6	1	0	14090.0
1	6	1	0	15456.0
6	5	0	0	6367.0
5	5	0	0	9926.0
4	5	0	0	10301.0
3	5	0	0	11375.0
2	5	0	1	11837.0
6	5	0	0	6406.0
5	5	1	0	10399.0
4	5	1	0	11188.0
3	5	1	0	10711.0
2	5	1	0	12897.0
1	5	1	0	14036.0
6	5	0	0	5900.0
5	5	0	1	8640.0
3	5	0	0	11252.0
2	5	0	0	9966.0
1	5	0	0	10151.0
6	5	0	0	6679.0
5	5	1	0	11427.0
4	5	1	0	12002.0
3	5	1	0	11673.0
2	5	1	0	12218.0
1	5	1	0	14165.0
6	5	0	0	7294.0
4	4	1	0	14079.0
3	4	1	0	11961.0
2	4	1	0	13679.0
1	4	1	0	14847.0
6	4	0	0	5625.0
5	4	0	0	8725.0
4	4	0	0	9004.0
3	4	0	0	9342.0
2	4	0	0	10234.0
1	4	0	0	10307.0
6	4	0	0	5460.0
5	4	1	0	11348.0
4	4	1	0	11624.0
3	4	1	0	10698.0
2	4	1	0	13184.0
1	4	1	0	14209.0
6	4	0	0	5526.0
5	4	0	1	8626.0
4	4	0	1	9764.0
3	4	0	1	9395.0
2	4	0	1	11706.0
6	4	0	0	8146.0
4	4	1	1	15080.0
3	4	1	1	14598.0
2	3	1	1	13983.0
1	3	1	1	14248.0
6	3	0	0	5882.0
5	3	0	0	9047.0
4	3	0	0	8777.0
3	3	0	0	9853.0
2	3	0	0	9571.0
1	3	0	0	10172.0
6	3	0	0	5606.0
5	3	1	0	11077.0
4	3	1	0	11617.0
3	3	1	0	11215.0
2	3	1	0	11588.0
1	3	1	0	13279.0
6	3	0	0	5319.0
5	3	0	0	8769.0
4	3	0	0	9929.0
3	3	0	0	10226.0
2	3	0	0	9654.0
1	3	0	0	10580.0
6	3	0	0	5659.0
5	3	1	0	10747.0
4	3	1	0	11586.0
3	3	1	0	12345.0
2	3	1	0	13042.0
1	3	1	0	14209.0
6	2	0	0	6104.0
5	2	0	0	10243.0
4	2	0	0	9434.0
3	2	0	0	9202.0
2	2	0	0	9250.0
1	2	0	0	10176.0
6	2	0	0	5302.0
5	2	1	0	10523.0
4	2	1	0	11205.0
3	2	1	0	11083.0
2	2	1	0	12187.0
1	2	1	0	13602.0
6	2	0	0	5468.0
5	2	0	0	8715.0
4	2	0	0	9204.0
3	2	0	0	10093.0
2	2	0	0	9715.0
1	2	0	0	10720.0
6	2	0	0	5273.0
5	2	1	1	10347.0
4	2	1	1	11168.0
3	2	1	1	11130.0
2	2	1	1	10988.0
1	2	1	1	11864.0
6	1	0	0	5116.0
5	1	1	0	10264.0
4	1	1	0	10453.0
3	1	1	0	10402.0
2	1	1	0	11102.0
1	1	1	0	11467.0
6	1	0	0	4158.0
5	1	0	0	8120.0
4	1	0	0	8966.0
3	1	0	0	8428.0
2	1	0	0	9616.0
1	1	0	0	10202.0
6	1	0	0	3243.0
5	1	1	0	9531.0
4	1	1	0	9233.0
3	1	1	0	10468.0
2	1	1	0	11788.0
1	1	1	0	12724.0
6	1	0	0	3054.0
5	1	1	0	9069.0
4	1	1	0	10312.0
3	1	1	0	10554.0
2	1	1	0	12623.0
1	1	1	0	13985.0
6	1	0	0	3635.0
5	1	0	1	8525.0
3	12	0	1	7069.0
2	12	0	1	9958.0
1	12	0	1	10343.0
6	12	0	0	5167.0
3	12	0	1	4359.0
2	12	0	1	10878.0
1	12	0	1	11582.0
6	12	0	0	4479.0
5	12	1	0	11213.0
4	12	1	0	13079.0
3	12	1	0	13514.0
2	12	1	0	14304.0
1	12	1	0	15888.0
6	12	0	0	5019.0
5	12	0	0	11697.0
4	12	0	0	13260.0
3	12	0	0	9445.0
2	12	0	0	10218.0
1	12	0	0	10818.0
6	12	0	0	5345.0
5	12	1	0	14272.0
4	12	1	0	13263.0
3	12	1	0	13411.0
2	12	1	0	14737.0
1	12	1	0	15933.0
6	11	0	0	4930.0
5	11	1	0	12161.0
4	11	1	0	12772.0
3	11	1	0	12640.0
2	11	1	0	13163.0
1	11	1	0	13237.0
6	11	0	0	3755.0
5	11	0	0	9243.0
4	11	0	0	10080.0
3	11	0	0	9215.0
2	11	0	0	10326.0
1	11	0	0	10722.0
6	11	0	0	3887.0
5	11	1	0	10773.0
4	11	1	0	10671.0
3	11	1	0	11323.0
2	11	1	0	12778.0
1	11	1	0	12548.0
6	11	0	0	4319.0
5	11	1	0	11615.0
4	11	1	0	11780.0
3	11	1	0	12485.0
2	11	1	0	13302.0
1	11	1	0	15557.0
6	11	0	0	3664.0
5	10	0	1	9705.0
4	10	0	1	9607.0
3	10	0	1	9691.0
2	10	0	1	10025.0
1	10	0	1	10824.0
6	10	0	0	4395.0
5	10	1	1	10814.0
4	10	1	1	11495.0
3	10	1	1	10321.0
2	10	1	1	12883.0
1	10	1	1	13486.0
6	10	0	0	3666.0
5	10	0	0	9455.0
4	10	0	0	9976.0
3	10	0	0	9300.0
2	10	0	0	10829.0
1	10	0	0	11867.0
6	10	0	0	3787.0
5	10	1	0	10512.0
4	10	1	0	11699.0
3	10	1	0	12157.0
2	10	1	0	13525.0
1	10	1	0	14185.0
6	10	0	0	4562.0
4	10	1	0	13769.0
3	10	1	0	12451.0
2	9	1	0	14170.0
1	9	1	0	13307.0
6	9	0	0	4071.0
5	9	0	0	8451.0
4	9	0	0	8974.0
3	9	0	0	8852.0
2	9	0	0	10027.0
1	9	0	0	10284.0
6	9	0	0	3358.0
5	9	1	0	9681.0
4	9	1	0	10725.0
3	9	1	0	11632.0
2	9	1	0	12540.0
1	9	1	0	13847.0
6	9	0	0	3314.0
5	9	0	0	8400.0
4	9	0	0	9269.0
3	9	0	0	9624.0
2	9	0	0	10498.0
1	9	0	0	10953.0
6	9	0	0	4262.0
5	9	1	0	10689.0
4	9	1	0	11908.0
3	9	1	0	13150.0
2	9	1	0	13446.0
1	9	1	0	15741.0
6	8	0	0	4217.0
5	8	0	0	9908.0
4	8	0	0	9691.0
3	8	0	0	9046.0
2	8	0	0	10271.0
1	8	0	0	10613.0
6	8	0	0	3511.0
5	8	1	1	10289.0
4	8	1	1	10590.0
3	8	1	1	11239.0
2	8	1	1	11751.0
1	8	1	1	13320.0
6	8	0	0	3489.0
5	8	0	1	8164.0
4	8	0	1	9105.0
3	8	0	1	9790.0
2	8	0	1	9354.0
1	8	0	1	9995.0
6	8	0	0	3492.0
5	8	1	1	10169.0
4	8	1	1	10214.0
3	8	1	1	11077.0
2	8	1	1	11659.0
1	8	1	1	13137.0
6	8	0	0	3813.0
5	8	1	1	10618.0
4	7	1	1	13400.0
3	7	1	1	10638.0
2	7	1	1	11522.0
1	7	1	1	13203.0
6	7	0	0	3610.0
5	7	0	1	7822.0
4	7	0	1	8553.0
3	7	0	1	9351.0
2	7	0	1	10188.0
1	7	0	1	10391.0
6	7	0	0	3227.0
5	7	1	1	10845.0
4	7	1	1	11743.0
3	7	1	1	12282.0
2	7	1	1	12436.0
1	7	1	1	14115.0
6	7	0	0	3576.0
5	7	0	1	9441.0
4	7	0	1	10194.0
3	7	0	1	10176.0
2	7	0	0	10349.0
1	7	0	0	11653.0
6	7	0	0	4388.0
5	7	1	0	10388.0
4	7	1	0	13030.0
3	7	1	0	13717.0
2	7	1	0	15077.0
1	6	1	0	17553.0
6	6	0	0	3680.0
5	6	0	0	8936.0
4	6	0	0	9484.0
3	6	0	0	9411.0
2	6	0	0	9905.0
1	6	0	0	11167.0
6	6	0	0	2223.0
5	6	1	0	11054.0
4	6	1	0	12072.0
3	6	1	0	11668.0
2	6	1	0	13926.0
1	6	1	0	14434.0
6	6	0	0	3566.0
5	6	0	0	8436.0
4	6	0	0	10997.0
3	6	0	0	10257.0
2	6	0	0	11684.0
6	6	0	0	4817.0
5	6	1	0	11863.0
4	6	1	0	12185.0
3	6	1	0	12045.0
2	6	1	0	13993.0
1	6	1	0	16344.0
6	5	0	0	4537.0
5	5	0	1	10751.0
3	5	0	0	10072.0
2	5	0	0	10021.0
1	5	0	0	10720.0
6	5	0	0	3650.0
5	5	1	0	10312.0
4	5	1	0	12018.0
3	5	1	0	11980.0
2	5	1	0	12391.0
1	5	1	0	14811.0
6	5	0	0	3383.0
5	5	0	0	8255.0
4	5	0	0	9260.0
3	5	0	0	9576.0
2	5	0	0	9741.0
1	5	0	0	10897.0
6	5	0	0	4636.0
5	5	1	0	12276.0
4	5	1	0	11649.0
3	5	1	0	12394.0
2	5	1	0	14515.0
1	5	1	0	15918.0
6	5	0	0	4117.0
5	5	1	1	11771.0
3	4	1	0	13963.0
2	4	1	0	13021.0
1	4	1	0	14356.0
6	4	0	0	3455.0
5	4	0	1	8186.0
4	4	0	1	10134.0
3	4	0	1	9143.0
2	4	0	1	11150.0
6	4	0	0	4780.0
4	4	1	1	13761.0
3	4	1	1	13644.0
2	4	1	1	13328.0
1	4	1	1	15205.0
6	4	0	0	3655.0
5	4	0	0	8874.0
4	4	0	0	10182.0
3	4	0	0	10734.0
2	4	0	0	10617.0
1	4	0	0	11169.0
6	4	0	0	3960.0
5	4	1	0	10773.0
4	4	1	0	11800.0
3	4	1	0	12678.0
2	4	1	0	14259.0
1	3	1	0	15471.0
6	3	0	0	3632.0
5	3	0	0	8763.0
4	3	0	0	9068.0
3	3	0	0	9497.0
2	3	0	0	9086.0
1	3	0	0	10732.0
6	3	0	0	3291.0
5	3	1	0	10722.0
4	3	1	0	10998.0
3	3	1	0	11213.0
2	3	1	0	13019.0
1	3	1	0	13271.0
6	3	0	0	4593.0
5	3	0	0	9127.0
4	3	0	0	9160.0
3	3	0	0	9056.0
2	3	0	0	9574.0
1	3	0	0	10835.0
6	3	0	0	3662.0
5	3	1	0	11139.0
4	3	1	0	12587.0
3	3	1	0	12213.0
2	3	1	0	13154.0
1	3	1	0	16559.0
6	3	0	0	3887.0
5	2	0	0	10228.0
4	2	0	0	9574.0
3	2	0	0	9544.0
2	2	0	0	9429.0
1	2	0	0	10255.0
6	2	0	0	3505.0
5	2	1	0	10780.0
4	2	1	0	11358.0
3	2	1	0	11855.0
2	2	1	0	12767.0
1	2	1	0	14515.0
6	2	0	0	3721.0
5	2	0	0	9373.0
4	2	0	0	9799.0
3	2	0	0	9577.0
2	2	0	0	10734.0
1	2	0	0	10877.0
6	2	0	0	3835.0
5	2	1	1	10737.0
4	2	1	1	11937.0
3	2	1	1	12261.0
2	2	1	1	12868.0
1	2	1	1	15067.0
6	2	0	0	4033.0
5	1	0	0	10464.0
4	1	0	0	9538.0
3	1	0	0	9304.0
2	1	0	0	9836.0
1	1	0	0	9320.0
6	1	0	0	3375.0
5	1	1	0	11355.0
4	1	1	0	11835.0
3	1	1	0	11647.0
2	1	1	0	11957.0
1	1	1	0	12109.0
6	1	0	0	3410.0
5	1	0	0	8357.0
4	1	0	0	8413.0
3	1	0	0	9235.0
2	1	0	0	10260.0
1	1	0	0	9797.0
6	1	0	0	3304.0
5	1	1	0	10037.0
4	1	1	0	11762.0
3	1	1	0	11827.0
2	1	1	0	13831.0
1	1	1	0	15759.0
6	1	0	0	3608.0
5	1	0	1	7904.0
4	1	0	1	8905.0
2	12	0	1	8097.0
1	12	0	1	12580.0
6	12	0	0	3936.0
5	12	0	1	8461.0
2	12	0	1	4322.0
1	12	0	1	12248.0
6	12	0	0	4238.0
5	12	1	0	11918.0
4	12	1	0	14330.0
3	12	1	0	14035.0
2	12	1	0	14827.0
1	12	1	0	17762.0
6	12	0	0	4056.0
5	12	0	0	9629.0
4	12	0	0	10153.0
3	12	0	0	10277.0
2	12	0	0	10504.0
1	12	0	0	10929.0
6	12	0	0	4368.0
5	12	1	0	10517.0
4	12	1	0	16098.0
3	12	1	0	13954.0
2	12	1	0	15504.0
1	12	1	0	17393.0
6	11	0	0	4449.0
5	11	0	0	10216.0
4	11	0	0	11063.0
3	11	0	0	10120.0
2	11	0	0	10704.0
1	11	0	0	10658.0
6	11	0	0	3441.0
5	11	1	0	10832.0
4	11	1	0	10398.0
3	11	1	0	10101.0
2	11	1	0	12525.0
1	11	1	0	14169.0
6	11	0	0	4217.0
5	11	0	0	8443.0
4	11	0	0	8574.0
3	11	0	0	8669.0
2	11	0	0	9489.0
1	11	0	0	9475.0
6	11	0	0	3222.0
5	11	1	0	10405.0
4	11	1	0	11286.0
3	11	1	0	10804.0
2	11	1	0	11484.0
1	11	1	0	13032.0
6	11	0	0	4101.0
5	11	0	0	8955.0
4	10	0	0	10655.0
3	10	0	0	9654.0
2	10	0	0	8896.0
1	10	0	0	9473.0
6	10	0	0	3609.0
5	10	1	0	10194.0
4	10	1	0	10344.0
3	10	1	0	10125.0
2	10	1	0	11023.0
1	10	1	0	12961.0
6	10	0	0	3888.0
5	10	0	0	8349.0
4	10	0	0	9537.0
3	10	0	0	9894.0
2	10	0	0	8942.0
1	10	0	0	9918.0
6	10	0	0	3577.0
5	10	1	1	10759.0
4	10	1	1	10165.0
3	10	1	1	11222.0
2	10	1	1	12081.0
1	10	1	1	13336.0
6	10	0	0	3298.0
5	10	0	1	9039.0
3	10	0	1	8611.0
2	10	0	1	9616.0
1	9	0	1	10234.0
6	9	0	0	3984.0
5	9	1	0	10274.0
4	9	1	0	10354.0
3	9	1	0	11427.0
2	9	1	0	11367.0
1	9	1	0	12074.0
6	9	0	0	3300.0
5	9	0	0	7539.0
4	9	0	0	8919.0
3	9	0	0	7547.0
2	9	0	0	8652.0
1	9	0	0	9685.0
6	9	0	0	3519.0
5	9	1	0	10904.0
4	9	1	0	12685.0
3	9	1	0	11878.0
2	9	1	0	13006.0
1	9	1	0	13968.0
6	9	0	0	3906.0
5	9	0	0	8106.0
4	9	0	0	8760.0
3	9	0	0	9653.0
2	9	0	0	9902.0
1	9	0	0	10203.0
6	8	0	0	3814.0
5	8	1	0	10608.0
4	8	1	0	10123.0
3	8	1	0	10993.0
2	8	1	0	11118.0
1	8	1	0	13526.0
6	8	0	0	3481.0
5	8	0	0	7974.0
4	8	0	0	9001.0
3	8	0	0	8704.0
2	8	0	0	9772.0
1	8	0	0	9875.0
6	8	0	0	3612.0
5	8	1	0	11261.0
4	8	1	0	11507.0
3	8	1	0	10940.0
2	8	1	0	12249.0
1	8	1	0	14942.0
6	8	0	0	3596.0
5	8	0	0	8162.0
4	8	0	0	8889.0
3	8	0	0	9656.0
2	8	0	0	10038.0
1	8	0	0	10673.0
6	8	0	0	3462.0
5	8	1	1	10461.0
4	8	1	1	11710.0
3	7	1	1	12819.0
2	7	1	1	12290.0
1	7	1	1	13462.0
6	7	0	0	3136.0
5	7	0	1	7696.0
4	7	0	1	7846.0
3	7	0	1	8822.0
2	7	0	1	8178.0
1	7	0	1	8738.0
6	7	0	0	3067.0
5	7	1	1	9730.0
4	7	1	1	10586.0
3	7	1	1	10090.0
2	7	1	1	11499.0
1	7	1	1	14038.0
6	7	0	0	3072.0
5	7	0	1	7604.0
4	7	0	1	8650.0
3	7	0	1	8685.0
2	7	0	1	9057.0
1	7	0	1	10147.0
6	7	0	0	2985.0
5	7	1	1	10274.0
4	7	1	1	10921.0
3	7	1	1	10787.0
2	7	1	1	12679.0
1	7	1	1	14454.0
6	6	0	0	3747.0
5	6	0	1	9597.0
4	6	0	1	9576.0
3	6	0	1	8751.0
2	6	0	1	7922.0
1	6	0	1	9665.0
6	6	0	0	3629.0
5	6	1	1	11016.0
4	6	1	1	11249.0
3	6	1	1	10926.0
2	6	1	0	12606.0
1	6	1	0	15027.0
6	6	0	0	3954.0
5	6	0	0	8287.0
4	6	0	0	9518.0
3	6	0	0	9569.0
2	6	0	0	9985.0
1	6	0	0	9980.0
6	6	0	0	4071.0
5	6	1	0	10108.0
4	6	1	0	11130.0
3	6	1	0	11346.0
2	6	1	0	12084.0
1	6	1	0	13525.0
6	6	0	0	4261.0
5	5	1	0	12600.0
4	5	1	0	11377.0
3	5	1	0	11854.0
2	5	1	0	12330.0
1	5	1	0	15075.0
6	5	0	0	3243.0
5	5	0	0	8340.0
4	5	0	0	10081.0
3	5	0	0	9824.0
2	5	0	1	9533.0
6	5	0	0	3828.0
5	5	1	0	11343.0
4	5	1	0	10935.0
3	5	1	0	10856.0
2	5	1	0	12905.0
1	5	1	0	13775.0
6	5	0	0	4045.0
5	5	0	1	9558.0
3	5	0	0	9979.0
2	5	0	0	9746.0
1	5	0	0	10435.0
6	5	0	0	4457.0
5	5	1	0	11614.0
4	5	1	0	13650.0
2	4	1	0	14919.0
1	4	1	0	13701.0
6	4	0	0	3566.0
5	4	1	0	10990.0
4	4	1	0	10792.0
3	4	1	0	11003.0
2	4	1	0	13347.0
1	4	1	0	14182.0
6	4	0	0	3643.0
5	4	0	0	8574.0
4	4	0	0	8475.0
3	4	0	0	8908.0
2	4	0	0	9007.0
1	4	0	0	9538.0
6	4	0	0	3535.0
5	4	1	0	10470.0
4	4	1	0	10798.0
3	4	1	0	11247.0
2	4	1	0	12677.0
1	4	1	0	14481.0
6	4	0	0	3554.0
5	4	0	1	8758.0
4	4	0	1	9434.0
3	4	0	1	9291.0
2	4	0	1	11755.0
6	3	0	0	5407.0
4	3	1	1	14276.0
3	3	1	1	12011.0
2	3	1	1	13470.0
1	3	1	1	14373.0
6	3	0	0	3621.0
5	3	1	0	10603.0
4	3	1	0	10968.0
3	3	1	0	11553.0
2	3	1	0	12150.0
1	3	1	0	13957.0
6	3	0	0	3178.0
5	3	0	0	8418.0
4	3	0	0	9947.0
3	3	0	0	9411.0
2	3	0	0	9223.0
1	3	0	0	9666.0
6	3	0	0	3835.0
5	3	1	0	10620.0
4	3	1	0	11188.0
3	3	1	0	11041.0
2	3	1	0	12224.0
1	3	1	0	14458.0
6	3	0	0	3564.0
5	3	0	0	8701.0
4	2	0	0	10830.0
3	2	0	0	8100.0
2	2	0	0	9044.0
1	2	0	0	8931.0
6	2	0	0	2919.0
5	2	1	0	9847.0
4	2	1	0	12276.0
3	2	1	0	11424.0
2	2	1	0	12111.0
1	2	1	0	14621.0
6	2	0	0	3543.0
5	2	0	0	7999.0
4	2	0	0	9278.0
3	2	0	0	9705.0
2	2	0	0	9321.0
1	2	0	0	10581.0
6	2	0	0	3161.0
5	2	1	1	9488.0
4	2	1	1	11156.0
3	2	1	1	11234.0
2	2	1	1	12831.0
1	2	1	1	14181.0
6	2	0	0	3992.0
5	2	0	0	9761.0
4	1	0	0	10238.0
3	1	0	0	9067.0
2	1	0	0	8577.0
1	1	0	0	9645.0
6	1	0	0	3036.0
5	1	1	0	10974.0
4	1	1	0	11239.0
3	1	1	0	10603.0
2	1	1	0	11225.0
1	1	1	0	13198.0
6	1	0	0	3111.0
5	1	0	0	7871.0
4	1	0	0	8851.0
3	1	0	0	8350.0
2	1	0	0	9319.0
1	1	0	0	9902.0
6	1	0	0	3386.0
5	1	1	0	10184.0
4	1	1	0	11294.0
3	1	1	0	10891.0
2	1	1	0	12224.0
1	1	1	0	15620.0
6	1	0	0	3541.0
5	1	0	1	8330.0
4	1	0	1	9134.0
3	1	0	1	8263.0
