5	7	1	1	11260.0
4	7	1	1	8264.0
3	7	1	1	9004.0
2	7	1	1	7944.0
1	7	1	1	9167.0
6	7	0	0	6123.0
5	7	0	1	5685.0
4	7	0	1	6479.0
3	7	0	1	6256.0
2	7	0	1	5199.0
1	7	0	1	6821.0
6	7	0	0	6156.0
5	7	1	0	7606.0
4	7	1	0	7827.0
3	7	1	0	8632.0
2	7	1	0	8420.0
1	7	1	0	10501.0
6	7	0	0	6113.0
5	7	0	0	6226.0
4	7	0	0	6137.0
3	7	0	0	6902.0
2	7	0	0	5926.0
1	7	0	0	6796.0
6	7	0	0	6142.0
5	7	1	0	7964.0
4	7	1	0	8757.0
3	7	1	0	9216.0
2	6	1	0	10737.0
1	6	1	0	10144.0
6	6	0	0	6267.0
5	6	0	0	6122.0
4	6	0	0	4984.0
3	6	0	0	5945.0
2	6	0	0	5013.0
1	6	0	0	5391.0
6	6	0	0	6250.0
5	6	1	0	6786.0
4	6	1	0	7050.0
3	6	1	0	8186.0
2	6	1	0	8261.0
1	6	1	0	9580.0
6	6	0	0	6367.0
5	6	0	0	5954.0
4	6	0	0	5531.0
3	6	0	0	5782.0
2	6	0	0	5557.0
1	6	0	0	6044.0
6	6	0	0	5606.0
5	6	1	0	8434.0
4	6	1	0	8079.0
3	6	1	0	8455.0
2	6	1	0	9040.0
1	6	1	0	10925.0
6	5	0	0	7608.0
5	5	0	0	8796.0
4	5	0	0	6428.0
3	5	0	0	6275.0
2	5	0	0	7127.0
6	5	0	0	6355.0
5	5	1	0	7496.0
4	5	1	0	6656.0
3	5	1	0	7456.0
2	5	1	0	7603.0
1	5	1	0	9047.0
6	5	0	0	5895.0
5	5	0	1	7792.0
3	5	0	0	7956.0
2	5	0	0	6241.0
1	5	0	0	5864.0
6	5	0	0	6806.0
5	5	1	0	7585.0
4	5	1	0	7380.0
3	5	1	0	7748.0
2	5	1	0	7474.0
1	5	1	0	9833.0
6	5	0	0	8417.0
4	4	1	0	12103.0
3	4	1	0	9540.0
2	4	1	0	8304.0
1	4	1	0	9780.0
6	4	0	0	5722.0
5	4	0	0	5265.0
4	4	0	0	5310.0
3	4	0	0	5338.0
2	4	0	0	5550.0
1	4	0	0	5495.0
6	4	0	0	6179.0
5	4	1	1	7488.0
4	4	1	1	7406.0
3	4	1	1	6997.0
2	4	1	1	8166.0
1	4	1	1	9913.0
6	4	0	0	5454.0
5	4	0	1	5587.0
4	4	0	1	5695.0
3	4	0	1	6540.0
2	4	0	1	6908.0
6	4	0	0	10319.0
4	4	1	1	11716.0
3	4	1	1	11981.0
2	3	1	0	10630.0
1	3	1	0	11020.0
6	3	0	0	6289.0
5	3	0	0	6070.0
4	3	0	0	5693.0
3	3	0	0	5687.0
2	3	0	0	5281.0
1	3	0	0	5668.0
6	3	0	0	5584.0
5	3	1	0	7707.0
4	3	1	0	6995.0
3	3	1	0	6733.0
2	3	1	0	7987.0
1	3	1	0	8987.0
6	3	0	0	5700.0
5	3	0	0	6075.0
4	3	0	0	6049.0
3	3	0	0	5709.0
2	3	0	0	4759.0
1	3	0	0	5628.0
6	3	0	0	5954.0
5	3	1	0	8062.0
4	3	1	0	7311.0
3	3	1	0	7983.0
2	3	1	0	7730.0
1	3	1	0	9331.0
6	2	0	0	6759.0
5	2	0	0	7283.0
4	2	0	0	6085.0
3	2	0	0	5717.0
2	2	0	0	5159.0
1	2	0	0	5180.0
6	2	0	0	5174.0
5	2	1	0	7005.0
4	2	1	0	7304.0
3	2	1	0	6757.0
2	2	1	0	7383.0
1	2	1	0	9230.0
6	2	0	0	5947.0
5	2	0	0	6776.0
4	2	0	0	6192.0
3	2	0	0	6005.0
2	2	0	0	5657.0
1	2	0	0	5675.0
6	2	0	0	6009.0
5	2	1	0	7649.0
4	2	1	0	6861.0
3	2	1	0	7160.0
2	2	1	0	8039.0
1	2	1	0	9160.0
6	1	0	0	7497.0
5	1	1	0	10511.0
4	1	1	0	7825.0
3	1	1	0	7514.0
2	1	1	0	8721.0
1	1	1	0	8597.0
6	1	0	0	5599.0
5	1	0	0	5069.0
4	1	0	0	5808.0
3	1	0	0	6073.0
2	1	0	0	4776.0
1	1	0	0	5249.0
6	1	0	0	6118.0
5	1	1	0	7534.0
4	1	1	0	6618.0
3	1	1	0	7306.0
2	1	1	0	6751.0
1	1	1	0	8396.0
6	1	0	0	5846.0
5	1	1	0	6058.0
4	1	1	0	6627.0
3	1	1	0	7534.0
2	1	1	1	7780.0
1	1	1	1	10122.0
6	1	0	0	5923.0
5	1	0	1	6995.0
3	12	0	1	5108.0
2	12	0	1	8486.0
1	12	0	1	8048.0
6	12	0	0	6671.0
3	12	0	1	6706.0
2	12	0	1	12259.0
1	12	0	1	12146.0
6	12	0	0	8621.0
5	12	1	0	10767.0
4	12	1	0	10882.0
3	12	1	0	11660.0
2	12	1	0	10966.0
1	12	1	0	12857.0
6	12	0	0	7550.0
5	12	0	0	6713.0
4	12	0	0	6734.0
3	12	0	0	6468.0
2	12	0	0	6276.0
1	12	0	0	6960.0
6	12	0	0	7002.0
5	12	1	0	12340.0
4	12	1	0	10180.0
3	12	1	0	9700.0
2	12	1	0	9881.0
1	12	1	0	11869.0
6	11	0	0	8406.0
5	11	1	0	10706.0
4	11	1	0	9117.0
3	11	1	0	8697.0
2	11	1	0	7345.0
1	11	1	0	9304.0
6	11	0	0	6107.0
5	11	0	0	5772.0
4	11	0	0	5917.0
3	11	0	0	6084.0
2	11	0	0	5163.0
1	11	0	0	6019.0
6	11	0	0	6300.0
5	11	1	0	7964.0
4	11	1	0	7025.0
3	11	1	0	6999.0
2	11	1	0	6607.0
1	11	1	0	7904.0
6	11	0	0	6332.0
5	11	1	0	7935.0
4	11	1	0	8349.0
3	11	1	0	8022.0
2	11	1	0	8468.0
1	11	1	0	9053.0
6	11	0	0	6719.0
5	10	0	0	8178.0
4	10	0	0	7154.0
3	10	0	0	6426.0
2	10	0	0	5151.0
1	10	0	0	6123.0
6	10	0	0	5133.0
5	10	1	1	6913.0
4	10	1	1	6524.0
3	10	1	1	6457.0
2	10	1	1	7095.0
1	10	1	1	8441.0
6	10	0	0	5081.0
5	10	0	1	5971.0
4	10	0	1	5215.0
3	10	0	1	5837.0
2	10	0	1	4998.0
1	10	0	1	5481.0
6	10	0	0	5757.0
5	10	1	0	7536.0
4	10	1	0	6607.0
3	10	1	0	7786.0
2	10	1	0	6876.0
1	10	1	0	9397.0
6	10	0	0	7424.0
4	10	1	0	8239.0
3	10	1	0	8496.0
2	9	1	0	10083.0
1	9	1	0	8729.0
6	9	0	0	5912.0
5	9	0	0	5781.0
4	9	0	0	5172.0
3	9	0	0	5486.0
2	9	0	0	4948.0
1	9	0	0	5335.0
6	9	0	0	5073.0
5	9	1	0	6925.0
4	9	1	0	6315.0
3	9	1	0	7066.0
2	9	1	0	7595.0
1	9	1	0	8527.0
6	9	0	0	5714.0
5	9	0	0	6211.0
4	9	0	0	5731.0
3	9	0	0	6501.0
2	9	0	0	5368.0
1	9	0	0	5798.0
6	9	0	0	5793.0
5	9	1	0	8246.0
4	9	1	0	8090.0
3	9	1	0	8118.0
2	9	1	0	8256.0
1	9	1	0	10763.0
6	8	0	0	7141.0
5	8	0	0	7477.0
4	8	0	0	6232.0
3	8	0	0	6349.0
2	8	0	0	6080.0
1	8	0	0	7563.0
6	8	0	0	5922.0
5	8	1	1	7288.0
4	8	1	1	7805.0
3	8	1	1	8449.0
2	8	1	1	7780.0
1	8	1	1	10258.0
6	8	0	0	5501.0
5	8	0	1	6093.0
4	8	0	1	5521.0
3	8	0	1	5454.0
2	8	0	1	5143.0
1	8	0	1	6067.0
6	8	0	0	5483.0
5	8	1	1	6918.0
4	8	1	1	7800.0
3	8	1	1	8123.0
2	8	1	1	7845.0
1	8	1	1	9842.0
6	8	0	0	6534.0
5	8	1	1	8112.0
4	7	1	1	10515.0
3	7	1	1	9414.0
2	7	1	1	8189.0
1	7	1	1	9117.0
6	7	0	0	5207.0
5	7	0	1	5776.0
4	7	0	1	4649.0
3	7	0	1	5861.0
2	7	0	1	4736.0
1	7	0	1	5982.0
6	7	0	0	5176.0
5	7	1	1	7896.0
4	7	1	1	7096.0
3	7	1	1	7768.0
2	7	1	1	8262.0
1	7	1	1	9524.0
6	7	0	0	6130.0
5	7	0	0	6630.0
4	7	0	0	6365.0
3	7	0	0	6500.0
2	7	0	0	5298.0
1	7	0	0	6722.0
6	7	0	0	5747.0
5	7	1	0	7234.0
4	7	1	0	8140.0
3	7	1	0	8736.0
2	7	1	0	9036.0
1	6	1	0	10988.0
6	6	0	0	5554.0
5	6	0	0	6196.0
4	6	0	0	4927.0
3	6	0	0	5148.0
2	6	0	0	4568.0
1	6	0	0	5171.0
6	6	0	0	5220.0
5	6	1	0	7466.0
4	6	1	0	6404.0
3	6	1	0	7880.0
2	6	1	0	7832.0
1	6	1	0	9883.0
6	6	0	0	5934.0
5	6	0	0	6615.0
4	6	0	0	6046.0
3	6	0	0	5463.0
2	6	0	0	6389.0
6	6	0	0	6477.0
5	6	1	0	8096.0
4	6	1	0	8042.0
3	6	1	0	8392.0
2	6	1	0	7692.0
1	6	1	0	10021.0
6	5	0	0	6847.0
5	5	0	1	8888.0
3	5	0	0	8069.0
2	5	0	0	5391.0
1	5	0	0	5706.0
6	5	0	0	5534.0
5	5	1	0	7593.0
4	5	1	0	6849.0
3	5	1	0	7323.0
2	5	1	0	7219.0
1	5	1	0	8699.0
6	5	0	0	5379.0
5	5	0	0	5837.0
4	5	0	0	5615.0
3	5	0	0	6080.0
2	5	0	0	5140.0
1	5	0	0	5061.0
6	5	0	0	7109.0
5	5	1	0	7036.0
4	5	1	0	7726.0
3	5	1	0	7118.0
2	5	1	0	7027.0
1	5	1	0	7105.0
6	5	0	0	6470.0
5	5	1	1	9916.0
3	4	1	1	11825.0
2	4	1	1	9943.0
1	4	1	1	9027.0
6	4	0	0	5619.0
5	4	0	1	5637.0
4	4	0	1	5977.0
3	4	0	1	5739.0
2	4	0	1	5462.0
6	4	0	0	8571.0
4	4	1	1	10287.0
3	4	1	1	9460.0
2	4	1	0	8906.0
1	4	1	0	10106.0
6	4	0	0	6083.0
5	4	0	0	6207.0
4	4	0	0	5373.0
3	4	0	0	5889.0
2	4	0	0	4579.0
1	4	0	0	5232.0
6	4	0	0	5628.0
5	4	1	0	7167.0
4	4	1	0	7863.0
3	4	1	0	7763.0
2	4	1	0	8467.0
1	3	1	0	11056.0
6	3	0	0	5529.0
5	3	0	0	6401.0
4	3	0	0	5741.0
3	3	0	0	5324.0
2	3	0	0	5373.0
1	3	0	0	6185.0
6	3	0	0	5963.0
5	3	1	0	6801.0
4	3	1	0	6335.0
3	3	1	0	7437.0
2	3	1	0	7357.0
1	3	1	0	9584.0
6	3	0	0	5634.0
5	3	0	0	5839.0
4	3	0	0	5426.0
3	3	0	0	5345.0
2	3	0	0	4753.0
1	3	0	0	5567.0
6	3	0	0	5706.0
5	3	1	0	7630.0
4	3	1	0	7200.0
3	3	1	0	7863.0
2	3	1	0	8466.0
1	3	1	0	10920.0
6	3	0	0	6901.0
5	2	0	0	7623.0
4	2	0	0	6174.0
3	2	0	0	5375.0
2	2	0	0	4507.0
1	2	0	0	4782.0
6	2	0	0	5561.0
5	2	1	0	7061.0
4	2	1	0	7277.0
3	2	1	0	8141.0
2	2	1	0	7441.0
1	2	1	0	9710.0
6	2	0	0	6049.0
5	2	0	0	6681.0
4	2	0	0	5709.0
3	2	0	0	6495.0
2	2	0	0	5023.0
1	2	0	0	6020.0
6	2	0	0	6259.0
5	2	1	0	7534.0
4	2	1	0	7491.0
3	2	1	0	8765.0
2	2	1	0	7915.0
1	2	1	0	10931.0
6	2	0	0	6960.0
5	1	0	0	8962.0
4	1	0	0	6727.0
3	1	0	0	6223.0
2	1	0	0	5588.0
1	1	0	0	4712.0
6	1	0	0	5301.0
5	1	1	0	7387.0
4	1	1	0	7638.0
3	1	1	0	7750.0
2	1	1	0	6860.0
1	1	1	0	10209.0
6	1	0	0	5463.0
5	1	0	0	5766.0
4	1	0	0	5127.0
3	1	0	0	5798.0
2	1	0	0	4859.0
1	1	0	0	5541.0
6	1	0	0	6061.0
5	1	1	0	7878.0
4	1	1	0	7297.0
3	1	1	0	8210.0
2	1	1	0	8905.0
1	1	1	1	11453.0
6	1	0	0	6303.0
5	1	0	1	5691.0
4	1	0	1	6706.0
2	12	0	1	4697.0
1	12	0	1	9923.0
6	12	0	0	6581.0
5	12	0	1	7647.0
2	12	0	1	7024.0
1	12	0	1	16562.0
6	12	0	0	10159.0
5	12	1	0	12603.0
4	12	1	0	11349.0
3	12	1	0	11835.0
2	12	1	0	11277.0
1	12	1	0	13159.0
6	12	0	0	7063.0
5	12	0	0	7949.0
4	12	0	0	7372.0
3	12	0	0	7164.0
2	12	0	0	6734.0
1	12	0	0	6872.0
6	12	0	0	6985.0
5	12	1	0	7649.0
4	12	1	0	10501.0
3	12	1	0	10351.0
2	12	1	0	10623.0
1	12	1	0	12808.0
6	11	0	0	8927.0
5	11	0	0	9524.0
4	11	0	0	8243.0
3	11	0	0	6955.0
2	11	0	0	6940.0
1	11	0	0	6886.0
6	11	0	0	6061.0
5	11	1	0	7040.0
4	11	1	0	7450.0
3	11	1	0	7984.0
2	11	1	0	7680.0
1	11	1	0	9574.0
6	11	0	0	6333.0
5	11	0	0	6507.0
4	11	0	0	5179.0
3	11	0	0	6246.0
2	11	0	0	4966.0
1	11	0	0	5336.0
6	11	0	0	5865.0
5	11	1	0	8027.0
4	11	1	0	7514.0
3	11	1	0	7270.0
2	11	1	0	7462.0
1	11	1	0	9024.0
6	11	0	0	6772.0
5	11	0	0	6149.0
4	10	0	0	8151.0
3	10	0	0	7427.0
2	10	0	0	5861.0
1	10	0	0	5812.0
6	10	0	0	5538.0
5	10	1	0	6709.0
4	10	1	0	6728.0
3	10	1	0	7696.0
2	10	1	0	6436.0
1	10	1	0	9550.0
6	10	0	0	5394.0
5	10	0	1	6113.0
4	10	0	1	4494.0
3	10	0	1	5347.0
2	10	0	1	5333.0
1	10	0	1	5960.0
6	10	0	0	4737.0
5	10	1	1	7288.0
4	10	1	1	7342.0
3	10	1	1	7684.0
2	10	1	1	7498.0
1	10	1	1	10344.0
6	10	0	0	5945.0
5	10	0	1	8103.0
3	10	0	0	7228.0
2	10	0	0	6912.0
1	9	0	0	7284.0
6	9	0	0	5405.0
5	9	1	0	7384.0
4	9	1	0	6867.0
3	9	1	0	7104.0
2	9	1	0	6428.0
1	9	1	0	8883.0
6	9	0	0	5270.0
5	9	0	0	5704.0
4	9	0	0	5438.0
3	9	0	0	5023.0
2	9	0	0	4852.0
1	9	0	0	5287.0
6	9	0	0	5053.0
5	9	1	0	7995.0
4	9	1	0	7659.0
3	9	1	0	7934.0
2	9	1	0	7357.0
1	9	1	0	10272.0
6	9	0	0	5525.0
5	9	0	0	6067.0
4	9	0	0	5304.0
3	9	0	0	6174.0
2	9	0	0	6489.0
1	9	0	0	6036.0
6	8	0	0	6511.0
5	8	1	0	9795.0
4	8	1	0	7207.0
3	8	1	0	7662.0
2	8	1	0	7503.0
1	8	1	0	8229.0
6	8	0	0	5534.0
5	8	0	0	5892.0
4	8	0	0	5406.0
3	8	0	0	5553.0
2	8	0	0	5285.0
1	8	0	0	5793.0
6	8	0	0	5633.0
5	8	1	0	7529.0
4	8	1	0	6933.0
3	8	1	0	7996.0
2	8	1	0	8817.0
1	8	1	0	10705.0
6	8	0	0	5952.0
5	8	0	0	6364.0
4	8	0	0	6650.0
3	8	0	0	6863.0
2	8	0	0	7689.0
1	8	0	0	9224.0
6	8	0	0	7366.0
5	8	1	1	8727.0
4	8	1	1	10120.0
3	7	1	1	11540.0
2	7	1	1	9881.0
1	7	1	1	12019.0
6	7	0	0	6136.0
5	7	0	1	6496.0
4	7	0	1	6147.0
3	7	0	1	5554.0
2	7	0	1	5043.0
1	7	0	1	5658.0
6	7	0	0	5997.0
5	7	1	1	7472.0
4	7	1	1	6425.0
3	7	1	1	6525.0
2	7	1	1	6766.0
1	7	1	1	9309.0
6	7	0	0	5148.0
5	7	0	1	6100.0
4	7	0	1	4998.0
3	7	0	1	5083.0
2	7	0	1	4804.0
1	7	0	1	6332.0
6	7	0	0	5844.0
5	7	1	1	8306.0
4	7	1	1	7536.0
3	7	1	1	7985.0
2	7	1	1	7774.0
1	7	1	1	11431.0
6	6	0	0	6349.0
5	6	0	1	8210.0
4	6	0	1	6070.0
3	6	0	1	6198.0
2	6	0	1	5423.0
1	6	0	1	5741.0
6	6	0	0	6317.0
5	6	1	0	8425.0
4	6	1	0	6667.0
3	6	1	0	6709.0
2	6	1	0	8061.0
1	6	1	0	9742.0
6	6	0	0	5778.0
5	6	0	0	5640.0
4	6	0	0	5232.0
3	6	0	0	4946.0
2	6	0	0	4761.0
1	6	0	0	5145.0
6	6	0	0	6087.0
5	6	1	0	7285.0
4	6	1	0	7056.0
3	6	1	0	7704.0
2	6	1	0	7331.0
1	6	1	0	9728.0
6	6	0	0	6636.0
5	5	1	0	10878.0
4	5	1	0	8016.0
3	5	1	0	8064.0
2	5	1	0	7205.0
1	5	1	0	8654.0
6	5	0	0	4701.0
5	5	0	0	6127.0
4	5	0	0	5485.0
3	5	0	0	5021.0
2	5	0	0	6454.0
6	5	0	0	6161.0
5	5	1	0	7859.0
4	5	1	0	6602.0
3	5	1	0	7372.0
2	5	1	0	8035.0
1	5	1	0	8097.0
6	5	0	0	6191.0
5	5	0	1	8280.0
3	5	0	0	7139.0
2	5	0	0	6092.0
1	5	0	0	6417.0
6	5	0	0	5345.0
5	5	1	0	8215.0
4	5	1	0	9584.0
2	4	1	0	12120.0
1	4	1	0	10113.0
6	4	0	0	6262.0
5	4	1	0	7467.0
4	4	1	0	6675.0
3	4	1	0	7930.0
2	4	1	0	7786.0
1	4	1	0	9452.0
6	4	0	0	6143.0
5	4	0	0	5362.0
4	4	0	0	5945.0
3	4	0	0	5277.0
2	4	0	0	5552.0
1	4	0	0	4625.0
6	4	0	0	5680.0
5	4	1	0	8132.0
4	4	1	0	7626.0
3	4	1	0	8301.0
2	4	1	1	8571.0
1	4	1	1	9454.0
6	4	0	0	5890.0
5	4	0	1	7046.0
4	4	0	1	6648.0
3	4	0	1	6027.0
2	4	0	1	6526.0
6	3	0	0	10315.0
4	3	1	1	12634.0
3	3	1	1	9671.0
2	3	1	1	8579.0
1	3	1	1	9296.0
6	3	0	0	6052.0
5	3	1	0	7352.0
4	3	1	0	8077.0
3	3	1	0	7205.0
2	3	1	0	7602.0
1	3	1	0	7498.0
6	3	0	0	6223.0
5	3	0	0	6613.0
4	3	0	0	5631.0
3	3	0	0	6370.0
2	3	0	0	5789.0
1	3	0	0	5961.0
6	3	0	0	5302.0
5	3	1	0	7664.0
4	3	1	0	7239.0
3	3	1	0	8233.0
2	3	1	0	8047.0
1	3	1	0	10227.0
6	3	0	0	6185.0
5	3	0	0	7182.0
4	2	0	0	7490.0
3	2	0	0	5887.0
2	2	0	0	4776.0
1	2	0	0	5047.0
6	2	0	0	5783.0
5	2	1	0	6843.0
4	2	1	0	7322.0
3	2	1	0	7841.0
2	2	1	0	7233.0
1	2	1	0	9131.0
6	2	0	0	5475.0
5	2	0	0	5695.0
4	2	0	0	6220.0
3	2	0	0	6124.0
2	2	0	0	5487.0
1	2	0	0	5885.0
6	2	0	0	5763.0
5	2	1	0	7365.0
4	2	1	0	7381.0
3	2	1	0	7697.0
2	2	1	0	7808.0
1	2	1	0	10283.0
6	2	0	0	6728.0
5	2	0	0	7424.0
4	1	0	0	7213.0
3	1	0	0	5451.0
2	1	0	0	4873.0
1	1	0	0	5533.0
6	1	0	0	5467.0
5	1	1	0	7606.0
4	1	1	0	6428.0
3	1	1	0	6994.0
2	1	1	0	5892.0
1	1	1	0	8970.0
6	1	0	0	5373.0
5	1	0	0	5180.0
4	1	0	0	5349.0
3	1	0	0	5450.0
2	1	0	0	5042.0
1	1	0	0	5449.0
6	1	0	0	5800.0
5	1	1	0	7230.0
4	1	1	0	7007.0
3	1	1	0	7717.0
2	1	1	0	7907.0
1	1	1	0	10910.0
6	1	0	0	5981.0
5	1	0	1	6824.0
4	1	0	1	5596.0
3	1	0	1	7141.0
