5	7	1	1	6345.0
4	7	1	1	5357.0
3	7	1	1	5111.0
2	7	1	1	6513.0
1	7	1	1	6430.0
6	7	0	0	3264.0
5	7	0	0	4206.0
4	7	0	0	4431.0
3	7	0	0	4308.0
2	7	0	0	4072.0
1	7	0	0	4561.0
6	7	0	0	2957.0
5	7	1	0	5175.0
4	7	1	0	4907.0
3	7	1	0	5513.0
2	7	1	0	5976.0
1	7	1	0	6098.0
6	7	0	0	2837.0
5	7	0	0	4418.0
4	7	0	0	4528.0
3	7	0	0	4380.0
2	7	0	0	4292.0
1	7	0	0	4599.0
6	7	0	0	3308.0
5	7	1	0	5435.0
4	7	1	0	5119.0
3	7	1	0	5268.0
2	6	1	0	6751.0
1	6	1	0	6998.0
6	6	0	0	2506.0
5	6	0	0	4816.0
4	6	0	0	3899.0
3	6	0	0	4033.0
2	6	0	0	3751.0
1	6	0	0	3836.0
6	6	0	0	2625.0
5	6	1	0	5054.0
4	6	1	0	4527.0
3	6	1	0	5776.0
2	6	1	0	5528.0
1	6	1	0	6625.0
6	6	0	0	3437.0
5	6	0	0	4036.0
4	6	0	0	3789.0
3	6	0	0	3525.0
2	6	0	0	4373.0
1	6	0	0	5122.0
6	6	0	0	3021.0
5	6	1	0	7016.0
3	6	1	0	5491.0
2	6	1	0	6401.0
1	6	1	0	6299.0
6	5	0	0	3300.0
5	5	0	0	4600.0
4	5	0	0	4486.0
3	5	0	0	4417.0
2	5	0	0	5021.0
6	5	0	0	3056.0
5	5	1	0	5304.0
4	5	1	0	5062.0
3	5	1	0	5313.0
2	5	1	0	5602.0
1	5	1	0	6889.0
6	5	0	0	3138.0
5	5	0	0	5633.0
3	5	0	0	5051.0
2	5	0	0	4086.0
1	5	0	0	4368.0
6	5	0	0	3201.0
5	5	1	0	5054.0
4	5	1	0	5217.0
3	5	1	0	5360.0
2	5	1	0	6406.0
1	5	1	0	6418.0
6	5	0	0	3613.0
4	4	1	0	6251.0
3	4	1	0	6086.0
2	4	1	0	6720.0
1	4	1	0	6529.0
6	4	0	0	2943.0
5	4	0	0	4185.0
4	4	0	0	3770.0
3	4	0	0	3622.0
2	4	0	0	3438.0
1	4	0	0	4216.0
6	4	0	0	3014.0
5	4	1	0	5472.0
4	4	1	0	5427.0
3	4	1	0	4954.0
2	4	1	0	5587.0
1	4	1	0	6914.0
6	4	0	0	2350.0
5	4	0	1	4252.0
4	4	0	1	3446.0
3	4	0	1	4375.0
2	4	0	1	4542.0
6	4	0	1	3609.0
4	4	1	1	6867.0
3	4	1	1	6434.0
2	3	1	1	6548.0
1	3	1	1	7496.0
6	3	0	0	3033.0
5	3	0	0	4050.0
4	3	0	0	3856.0
3	3	0	0	3279.0
2	3	0	0	4396.0
1	3	0	0	4135.0
6	3	0	0	2772.0
5	3	1	0	5082.0
4	3	1	0	5635.0
3	3	1	0	4333.0
2	3	1	0	5673.0
1	3	1	0	6718.0
6	3	0	0	2895.0
5	3	0	0	4011.0
4	3	0	0	4156.0
3	3	0	0	3743.0
2	3	0	0	3755.0
1	3	0	0	4053.0
6	3	0	0	3097.0
5	3	1	0	5813.0
4	3	1	0	5100.0
3	3	1	0	5341.0
2	3	1	0	5534.0
1	3	1	0	7352.0
6	2	0	0	3275.0
5	2	0	0	4939.0
4	2	0	0	4058.0
3	2	0	0	3822.0
2	2	0	0	4700.0
1	2	0	0	3336.0
6	2	0	0	2663.0
5	2	1	0	5127.0
4	2	1	0	4441.0
3	2	1	0	4833.0
2	2	1	0	6014.0
1	2	1	0	2731.0
6	2	0	0	3175.0
5	2	0	0	3998.0
4	2	0	0	3618.0
3	2	0	0	3675.0
2	2	0	0	3695.0
1	2	0	0	3910.0
6	2	0	0	3045.0
5	2	1	0	5215.0
4	2	1	0	4773.0
3	2	1	0	5223.0
2	2	1	0	5519.0
1	2	1	0	6000.0
6	1	0	0	2973.0
5	1	1	0	5490.0
4	1	1	0	4997.0
3	1	1	0	5403.0
2	1	1	0	5375.0
1	1	1	0	5515.0
6	1	0	0	2312.0
5	1	0	0	4149.0
4	1	0	0	3692.0
3	1	0	0	3611.0
2	1	0	0	3563.0
1	1	0	0	4366.0
6	1	0	0	3246.0
5	1	1	0	4948.0
4	1	1	0	5014.0
3	1	1	0	4071.0
2	1	1	0	5696.0
1	1	1	0	5349.0
6	1	0	0	2967.0
5	1	1	1	4717.0
4	1	1	1	4141.0
3	1	1	1	4976.0
2	1	1	1	5683.0
1	1	1	1	7152.0
6	1	0	1	2515.0
5	1	0	1	4944.0
3	12	0	1	2745.0
2	12	0	1	5874.0
1	12	0	1	5065.0
6	12	0	1	2623.0
3	12	0	1	3590.0
2	12	0	1	7623.0
1	12	0	1	7360.0
6	12	0	0	4112.0
5	12	1	0	6152.0
4	12	1	0	6232.0
3	12	1	0	6293.0
2	12	1	0	7146.0
1	12	1	0	8266.0
6	12	0	0	3595.0
5	12	0	0	3970.0
4	12	0	0	3723.0
3	12	0	0	4253.0
2	12	0	0	4749.0
1	12	0	0	4900.0
6	12	0	0	4029.0
5	12	1	0	6463.0
4	12	1	0	6187.0
3	12	1	0	6169.0
2	12	1	0	5838.0
1	12	1	0	7557.0
6	11	0	0	3832.0
5	11	1	0	6386.0
4	11	1	0	6009.0
3	11	1	0	4683.0
2	11	1	0	6052.0
1	11	1	0	6256.0
6	11	0	0	3127.0
5	11	0	0	4070.0
4	11	0	0	4530.0
3	11	0	0	4169.0
2	11	0	0	3483.0
1	11	0	0	4141.0
6	11	0	0	2833.0
5	11	1	0	5580.0
4	11	1	0	4394.0
3	11	1	0	4892.0
2	11	1	0	5129.0
1	11	1	0	5800.0
6	11	0	0	2836.0
5	11	1	0	5318.0
4	11	1	0	5187.0
3	11	1	0	5156.0
2	11	1	0	6271.0
1	11	1	0	6672.0
6	11	0	0	3191.0
5	10	0	1	4961.0
4	10	0	1	4056.0
3	10	0	1	3678.0
2	10	0	1	3772.0
1	10	0	1	3663.0
6	10	0	1	2599.0
5	10	1	1	4605.0
4	10	1	1	4211.0
3	10	1	1	4432.0
2	10	1	1	5133.0
1	10	1	1	5834.0
6	10	0	0	2545.0
5	10	0	0	4030.0
4	10	0	0	3991.0
3	10	0	0	3895.0
2	10	0	0	3701.0
1	10	0	0	4226.0
6	10	0	0	2731.0
5	10	1	0	5496.0
4	10	1	0	4510.0
3	10	1	0	4947.0
2	10	1	0	5643.0
1	10	1	0	7200.0
6	10	0	0	3089.0
4	10	1	0	5647.0
3	10	1	0	6098.0
2	9	1	0	6002.0
1	9	1	0	6475.0
6	9	0	0	2612.0
5	9	0	0	3274.0
4	9	0	0	3560.0
3	9	0	0	3467.0
2	9	0	0	3414.0
1	9	0	0	4467.0
6	9	0	0	2363.0
5	9	1	0	4415.0
4	9	1	0	4850.0
3	9	1	0	4585.0
2	9	1	0	4873.0
1	9	1	0	5847.0
6	9	0	0	2601.0
5	9	0	0	3509.0
4	9	0	0	3702.0
3	9	0	0	3622.0
2	9	0	0	3429.0
1	9	0	0	4112.0
6	9	0	0	2597.0
5	9	1	1	4977.0
4	9	1	1	4796.0
3	9	1	1	5310.0
2	9	1	1	6142.0
1	9	1	1	7336.0
6	8	0	1	2719.0
5	8	0	1	3891.0
4	8	0	1	3689.0
3	8	0	1	3923.0
2	8	0	1	3023.0
1	8	0	1	3614.0
6	8	0	1	2849.0
5	8	1	1	4974.0
4	8	1	1	4563.0
3	8	1	1	5081.0
2	8	1	1	4761.0
1	8	1	1	6153.0
6	8	0	1	2705.0
5	8	0	1	3769.0
4	8	0	1	3979.0
3	8	0	1	3434.0
2	8	0	1	3569.0
1	8	0	1	4423.0
6	8	0	1	2498.0
5	8	1	1	4508.0
4	8	1	1	4846.0
3	8	1	1	5623.0
2	8	1	1	5838.0
1	8	1	1	6397.0
6	8	0	1	2481.0
5	8	1	1	5590.0
4	7	1	0	6105.0
3	7	1	1	5419.0
2	7	1	1	5306.0
1	7	1	1	6024.0
6	7	0	0	3048.0
5	7	0	0	4197.0
4	7	0	0	3591.0
3	7	0	0	4003.0
2	7	0	0	3872.0
1	7	0	0	4300.0
6	7	0	0	2930.0
5	7	1	0	5124.0
4	7	1	0	5327.0
3	7	1	0	5496.0
2	7	1	0	5676.0
1	7	1	0	5582.0
6	7	0	0	2780.0
5	7	0	0	3587.0
4	7	0	0	4338.0
3	7	0	0	3111.0
2	7	0	0	3973.0
1	7	0	0	4089.0
6	7	0	0	2982.0
5	7	1	0	5074.0
4	7	1	0	4792.0
3	7	1	0	5739.0
2	7	1	0	6456.0
1	6	1	0	7026.0
6	6	0	0	3246.0
5	6	0	0	4631.0
4	6	0	0	3719.0
3	6	0	0	4115.0
2	6	0	0	3607.0
1	6	0	0	4369.0
6	6	0	0	2901.0
5	6	1	0	6490.0
3	6	1	0	6123.0
2	6	1	0	6210.0
1	6	1	0	6361.0
6	6	0	0	2895.0
5	6	0	0	3962.0
4	6	0	0	4281.0
3	6	0	0	4126.0
2	6	0	0	4895.0
6	6	0	0	3087.0
5	6	1	0	5216.0
4	6	1	0	5855.0
3	6	1	0	5030.0
2	6	1	0	5584.0
1	6	1	0	6448.0
6	5	0	0	2907.0
5	5	0	0	5533.0
3	5	0	0	4990.0
2	5	0	0	4064.0
1	5	0	0	3658.0
6	5	0	0	2505.0
5	5	1	0	4375.0
4	5	1	0	4948.0
3	5	1	0	4985.0
2	5	1	0	5420.0
1	5	1	0	6420.0
6	5	0	0	2692.0
5	5	0	0	3494.0
4	5	0	0	3864.0
3	5	0	0	3889.0
2	5	0	0	3927.0
1	5	0	0	3827.0
6	5	0	0	3029.0
5	5	1	0	4810.0
4	5	1	0	4885.0
3	5	1	0	5166.0
2	5	1	0	6088.0
1	5	1	0	6940.0
6	5	0	0	3129.0
5	5	1	0	7750.0
3	4	1	0	6446.0
2	4	1	0	7058.0
1	4	1	0	6755.0
6	4	0	0	2746.0
5	4	0	1	3879.0
4	4	0	1	3918.0
3	4	0	1	3675.0
2	4	0	1	4625.0
6	4	0	1	3887.0
4	4	1	1	5511.0
3	4	1	1	6615.0
2	4	1	1	6162.0
1	4	1	1	6880.0
6	4	0	0	2865.0
5	4	0	0	4267.0
4	4	0	0	4196.0
3	4	0	0	3623.0
2	4	0	0	3939.0
1	4	0	0	3646.0
6	4	0	0	2504.0
5	4	1	0	5100.0
4	4	1	0	4688.0
3	4	1	0	5282.0
2	4	1	0	7026.0
1	3	1	0	7520.0
6	3	0	0	3125.0
5	3	0	0	4356.0
4	3	0	0	3740.0
3	3	0	0	3682.0
2	3	0	0	3627.0
1	3	0	0	4076.0
6	3	0	0	2491.0
5	3	1	0	4791.0
4	3	1	0	5048.0
3	3	1	0	5000.0
2	3	1	0	4838.0
1	3	1	0	6553.0
6	3	0	0	2466.0
5	3	0	0	4036.0
4	3	0	0	3567.0
3	3	0	0	3583.0
2	3	0	0	3897.0
1	3	0	0	4052.0
6	3	0	0	2859.0
5	3	1	0	5354.0
4	3	1	0	5317.0
3	3	1	0	6256.0
2	3	1	0	7086.0
1	3	1	0	3716.0
6	3	0	0	3061.0
5	2	0	0	4996.0
4	2	0	0	3931.0
3	2	0	0	3826.0
2	2	0	0	3657.0
1	2	0	0	3911.0
6	2	0	0	2420.0
5	2	1	0	4713.0
4	2	1	0	4649.0
3	2	1	0	4695.0
2	2	1	0	5605.0
1	2	1	0	6106.0
6	2	0	0	2440.0
5	2	0	0	4221.0
4	2	0	0	2943.0
3	2	0	0	3683.0
2	2	0	0	3761.0
1	2	0	0	4287.0
6	2	0	0	2945.0
5	2	1	0	4775.0
4	2	1	0	5000.0
3	2	1	0	5365.0
2	2	1	0	6129.0
1	2	1	0	6622.0
6	2	0	0	2686.0
5	1	0	0	4867.0
4	1	0	0	3906.0
3	1	0	0	3509.0
2	1	0	0	3176.0
1	1	0	0	3735.0
6	1	0	0	2588.0
5	1	1	0	5281.0
4	1	1	0	4489.0
3	1	1	0	4901.0
2	1	1	0	6296.0
1	1	1	0	6997.0
6	1	0	0	2654.0
5	1	0	0	3829.0
4	1	0	0	3438.0
3	1	0	0	3439.0
2	1	0	0	3472.0
1	1	0	0	3562.0
6	1	0	0	2215.0
5	1	1	1	5297.0
4	1	1	1	4544.0
3	1	1	1	5259.0
2	1	1	1	5958.0
1	1	1	1	7536.0
6	1	0	1	2541.0
5	1	0	1	4338.0
4	1	0	1	3646.0
2	12	0	1	2800.0
1	12	0	1	5170.0
6	12	0	1	3109.0
5	12	0	1	5016.0
2	12	0	1	3272.0
1	12	0	1	7524.0
6	12	0	0	4594.0
5	12	1	0	6439.0
4	12	1	0	6526.0
3	12	1	0	7274.0
2	12	1	0	7584.0
1	12	1	0	8822.0
6	12	0	0	3294.0
5	12	0	0	4219.0
4	12	0	0	4308.0
3	12	0	0	4223.0
2	12	0	0	4528.0
1	12	0	0	4594.0
6	12	0	0	2843.0
5	12	1	0	6486.0
4	12	1	0	6419.0
3	12	1	0	5833.0
2	12	1	0	6109.0
1	12	1	0	8362.0
6	11	0	0	3559.0
5	11	0	0	5401.0
4	11	0	0	4506.0
3	11	0	0	3882.0
2	11	0	0	4452.0
1	11	0	0	4029.0
6	11	0	0	3000.0
5	11	1	0	4772.0
4	11	1	0	4792.0
3	11	1	0	5037.0
2	11	1	0	5654.0
1	11	1	0	7114.0
6	11	0	0	2776.0
5	11	0	0	3674.0
4	11	0	0	3786.0
3	11	0	0	3755.0
2	11	0	0	3815.0
1	11	0	0	3885.0
6	11	0	0	2687.0
5	11	1	0	4778.0
4	11	1	0	5214.0
3	11	1	0	5037.0
2	11	1	0	5561.0
1	11	1	0	6601.0
6	11	0	0	2821.0
5	11	0	0	4744.0
4	10	0	0	4414.0
3	10	0	0	4164.0
2	10	0	0	3818.0
1	10	0	0	3490.0
6	10	0	0	2315.0
5	10	1	1	5200.0
4	10	1	1	4969.0
3	10	1	1	4183.0
2	10	1	1	4677.0
1	10	1	1	5813.0
6	10	0	1	1965.0
5	10	0	1	3453.0
4	10	0	1	3650.0
3	10	0	1	3194.0
2	10	0	1	4129.0
1	10	0	1	3758.0
6	10	0	0	2658.0
5	10	1	0	5134.0
4	10	1	0	5216.0
3	10	1	0	5311.0
2	10	1	0	5940.0
1	10	1	0	6762.0
6	10	0	0	2377.0
5	10	0	0	5129.0
3	10	0	0	4464.0
2	10	0	0	4464.0
1	9	0	0	5220.0
6	9	0	0	2821.0
5	9	1	0	4549.0
4	9	1	0	4051.0
3	9	1	0	4624.0
2	9	1	0	4539.0
1	9	1	0	5784.0
6	9	0	0	2541.0
5	9	0	0	3645.0
4	9	0	0	3480.0
3	9	0	0	3267.0
2	9	0	0	3153.0
1	9	0	0	3368.0
6	9	0	0	2609.0
5	9	1	0	4321.0
4	9	1	0	4956.0
3	9	1	0	4670.0
2	9	1	0	5917.0
1	9	1	0	6429.0
6	9	0	0	2466.0
5	9	0	0	3773.0
4	9	0	0	3924.0
3	9	0	0	3830.0
2	9	0	0	3833.0
1	9	0	0	4295.0
6	8	0	0	2890.0
5	8	1	0	6298.0
4	8	1	0	5180.0
3	8	1	0	5207.0
2	8	1	0	5318.0
1	8	1	0	5910.0
6	8	0	0	2255.0
5	8	0	0	4197.0
4	8	0	0	2965.0
3	8	0	0	3658.0
2	8	0	0	3587.0
1	8	0	0	3860.0
6	8	0	0	2740.0
5	8	1	1	4826.0
4	8	1	1	4602.0
3	8	1	1	4567.0
2	8	1	1	5360.0
1	8	1	1	7058.0
6	8	0	1	2609.0
5	8	0	1	4088.0
4	8	0	1	3522.0
3	8	0	1	3821.0
2	8	0	1	3520.0
1	8	0	1	4209.0
6	8	0	1	2768.0
5	8	1	1	4904.0
4	8	1	1	4978.0
3	7	1	1	5640.0
2	7	1	1	6002.0
1	7	1	1	6432.0
6	7	0	1	2678.0
5	7	0	1	3954.0
4	7	0	1	3240.0
3	7	0	1	3979.0
2	7	0	1	3601.0
1	7	0	1	3574.0
6	7	0	1	2744.0
5	7	1	1	5340.0
4	7	1	1	5027.0
3	7	1	1	5224.0
2	7	1	1	5986.0
1	7	1	1	6212.0
6	7	0	1	2795.0
5	7	0	1	3926.0
4	7	0	1	3819.0
3	7	0	1	3722.0
2	7	0	1	3775.0
1	7	0	1	4045.0
6	7	0	1	2839.0
5	7	1	0	5459.0
4	7	1	0	6058.0
3	7	1	0	4977.0
2	7	1	0	6006.0
1	7	1	0	6815.0
6	6	0	0	2754.0
5	6	0	0	4276.0
4	6	0	0	3416.0
3	6	0	0	3621.0
2	6	0	0	3757.0
1	6	0	0	4137.0
6	6	0	0	2706.0
5	6	1	0	5527.0
4	6	1	0	4826.0
3	6	1	0	4229.0
2	6	1	0	4593.0
1	6	1	0	6049.0
6	6	0	0	3029.0
5	6	0	0	4441.0
4	6	0	0	3347.0
3	6	0	0	3478.0
2	6	0	0	4164.0
1	6	0	0	4235.0
6	6	0	0	2698.0
5	6	1	0	5202.0
4	6	1	0	4969.0
3	6	1	0	4979.0
2	6	1	0	5529.0
1	6	1	0	6587.0
6	6	0	0	2951.0
5	5	1	0	6409.0
3	5	1	0	6341.0
2	5	1	0	5410.0
1	5	1	0	6296.0
6	5	0	0	2960.0
5	5	0	0	4439.0
4	5	0	0	3380.0
3	5	0	0	3902.0
2	5	0	0	4497.0
6	5	0	0	3067.0
5	5	1	0	4829.0
4	5	1	0	4452.0
3	5	1	0	4583.0
2	5	1	0	5539.0
1	5	1	0	5810.0
6	5	0	0	3113.0
5	5	0	0	4703.0
3	5	0	0	5017.0
2	5	0	0	3869.0
1	5	0	0	4921.0
6	5	0	0	2961.0
5	5	1	0	5578.0
4	5	1	0	5948.0
2	4	1	0	6539.0
1	4	1	0	5834.0
6	4	0	0	2364.0
5	4	1	0	5014.0
4	4	1	0	4406.0
3	4	1	0	5097.0
2	4	1	0	5376.0
1	4	1	0	6243.0
6	4	0	0	2830.0
5	4	0	0	3653.0
4	4	0	0	3367.0
3	4	0	0	3738.0
2	4	0	0	3797.0
1	4	0	0	3780.0
6	4	0	0	2357.0
5	4	1	0	4976.0
4	4	1	0	4705.0
3	4	1	0	5091.0
2	4	1	0	5092.0
1	4	1	0	6109.0
6	4	0	0	2510.0
5	4	0	1	3837.0
4	4	0	1	3574.0
3	4	0	1	4537.0
2	4	0	1	4643.0
6	3	0	0	4098.0
4	3	1	1	6625.0
3	3	1	1	5846.0
2	3	1	1	6198.0
1	3	1	1	5614.0
6	3	0	0	2644.0
5	3	1	0	5340.0
4	3	1	0	4940.0
3	3	1	0	4629.0
2	3	1	0	5481.0
1	3	1	0	5978.0
6	3	0	0	2718.0
5	3	0	0	4015.0
4	3	0	0	3113.0
3	3	0	0	3485.0
2	3	0	0	1887.0
1	3	0	0	3953.0
6	3	0	0	2738.0
5	3	1	0	4866.0
4	3	1	0	4762.0
3	3	1	0	5215.0
2	3	1	0	6430.0
1	3	1	0	7059.0
6	3	0	0	2290.0
5	3	0	0	4512.0
4	2	0	0	3831.0
3	2	0	0	3829.0
2	2	0	0	3382.0
1	2	0	0	3428.0
6	2	0	0	2396.0
5	2	1	0	4638.0
4	2	1	0	4779.0
3	2	1	0	4770.0
2	2	1	0	5423.0
1	2	1	0	6333.0
6	2	0	0	2985.0
5	2	0	0	3732.0
4	2	0	0	3997.0
3	2	0	0	4020.0
2	2	0	0	4518.0
1	2	0	0	2078.0
6	2	0	0	2773.0
5	2	1	0	5000.0
4	2	1	0	5282.0
3	2	1	0	4589.0
2	2	1	0	5780.0
1	2	1	0	5960.0
6	2	0	0	3327.0
5	2	0	0	4500.0
4	1	0	0	4045.0
3	1	0	0	3907.0
2	1	0	0	3274.0
1	1	0	0	3448.0
6	1	0	0	2883.0
5	1	1	0	4482.0
4	1	1	0	4713.0
3	1	1	0	4572.0
2	1	1	0	4951.0
1	1	1	0	5542.0
6	1	0	0	2640.0
5	1	0	0	3954.0
4	1	0	0	3662.0
3	1	0	0	3556.0
2	1	0	0	3263.0
1	1	0	0	4048.0
6	1	0	0	2758.0
5	1	1	1	4819.0
4	1	1	1	4430.0
3	1	1	1	4541.0
2	1	1	1	5689.0
1	1	1	1	6627.0
6	1	0	1	2521.0
5	1	0	1	4360.0
4	1	0	1	3778.0
3	1	0	1	4166.0
