5	7	1	1	4844.0
4	7	1	1	4162.0
3	7	1	1	3809.0
2	7	1	1	4952.0
1	7	1	1	4638.0
6	7	0	0	2102.0
5	7	0	1	3423.0
4	7	0	1	3638.0
3	7	0	1	3121.0
2	7	0	1	3459.0
1	7	0	1	3401.0
6	7	0	0	3598.0
5	7	1	1	3740.0
4	7	1	1	4734.0
3	7	1	1	4162.0
2	7	1	1	4284.0
1	7	1	1	4897.0
6	7	0	0	3236.0
5	7	0	1	3303.0
4	7	0	1	3377.0
3	7	0	1	3236.0
2	7	0	1	3432.0
1	7	0	1	3799.0
6	7	0	0	2620.0
5	7	1	1	4326.0
4	7	1	1	4793.0
3	7	1	1	5902.0
2	6	1	1	6176.0
1	6	1	1	7016.0
6	6	0	0	3915.0
5	6	0	0	3167.0
4	6	0	0	3759.0
3	6	0	0	3809.0
2	6	0	0	3859.0
1	6	0	0	3588.0
6	6	0	0	3931.0
5	6	1	0	4408.0
4	6	1	0	4384.0
3	6	1	0	4616.0
2	6	1	0	5429.0
1	6	1	0	6672.0
6	6	0	0	3550.0
5	6	0	0	3798.0
4	6	0	0	3762.0
3	6	0	0	3353.0
2	6	0	0	4041.0
1	6	0	0	4183.0
6	6	0	0	3636.0
5	6	1	0	5768.0
3	6	1	0	5627.0
2	6	1	0	6025.0
1	6	1	0	6932.0
6	5	0	0	3338.0
5	5	0	0	3415.0
4	5	0	0	3426.0
3	5	0	0	3503.0
2	5	0	1	3559.0
6	5	0	0	3703.0
5	5	1	0	4274.0
4	5	1	0	4752.0
3	5	1	0	5361.0
2	5	1	0	5020.0
1	5	1	0	5981.0
6	5	0	0	4261.0
5	5	0	0	4737.0
3	5	0	0	4440.0
2	5	0	0	3843.0
1	5	0	0	4347.0
6	5	0	0	4060.0
5	5	1	0	4259.0
4	5	1	0	3756.0
3	5	1	0	5252.0
2	5	1	0	4707.0
1	5	1	0	6478.0
6	5	0	0	4675.0
4	4	1	0	5158.0
3	4	1	0	5042.0
2	4	1	0	5323.0
1	4	1	0	5435.0
6	4	0	0	2950.0
5	4	0	0	3708.0
4	4	0	0	3488.0
3	4	0	0	3681.0
2	4	0	0	3585.0
1	4	0	0	3939.0
6	4	0	0	4348.0
5	4	1	0	4481.0
4	4	1	0	4848.0
3	4	1	0	5146.0
2	4	1	0	5690.0
1	4	1	0	6767.0
6	4	0	0	3629.0
5	4	0	1	3322.0
4	4	0	1	3698.0
3	4	0	1	4309.0
2	4	0	1	4724.0
6	4	0	0	4505.0
4	4	1	1	5513.0
3	4	1	1	4867.0
2	3	1	1	4386.0
1	3	1	1	5395.0
6	3	0	0	3991.0
5	3	0	0	2955.0
4	3	0	0	2956.0
3	3	0	0	3373.0
2	3	0	0	3574.0
1	3	0	0	3978.0
6	3	0	0	3252.0
5	3	1	0	3949.0
4	3	1	0	4243.0
3	3	1	0	4205.0
2	3	1	0	4995.0
1	3	1	0	5874.0
6	3	0	0	3081.0
5	3	0	0	3083.0
4	3	0	0	3197.0
3	3	0	0	3526.0
2	3	0	0	3091.0
1	3	0	0	3374.0
6	3	0	0	3864.0
5	3	1	0	4562.0
4	3	1	0	4347.0
3	3	1	0	4024.0
2	3	1	0	4175.0
1	3	1	0	6066.0
6	2	0	0	4053.0
5	2	0	0	3531.0
4	2	0	0	3164.0
3	2	0	0	2899.0
2	2	0	0	3428.0
1	2	0	0	3434.0
6	2	0	0	3033.0
5	2	1	0	3509.0
4	2	1	0	4025.0
3	2	1	0	4274.0
2	2	1	0	4937.0
1	2	1	0	4041.0
6	2	0	0	4065.0
5	2	0	0	3454.0
4	2	0	0	3326.0
3	2	0	0	3567.0
2	2	0	0	3271.0
1	2	0	0	3976.0
6	2	0	0	3691.0
5	2	1	0	4153.0
4	2	1	0	4423.0
3	2	1	0	4081.0
2	2	1	0	5061.0
1	2	1	0	5448.0
6	1	0	0	5097.0
5	1	1	0	4840.0
4	1	1	0	4478.0
3	1	1	0	4121.0
2	1	1	0	4655.0
1	1	1	0	5038.0
6	1	0	0	2860.0
5	1	0	0	3244.0
4	1	0	0	2830.0
3	1	0	0	3613.0
2	1	0	0	3534.0
1	1	0	0	3761.0
6	1	0	0	3220.0
5	1	1	0	4130.0
4	1	1	0	4038.0
3	1	1	0	4277.0
2	1	1	0	4550.0
1	1	1	0	5292.0
6	1	0	0	3073.0
5	1	1	0	4208.0
4	1	1	0	3191.0
3	1	1	0	4790.0
2	1	1	1	4990.0
1	1	1	1	6278.0
6	1	0	0	2918.0
5	1	0	1	3331.0
3	12	0	1	1926.0
2	12	0	1	4326.0
1	12	0	1	3890.0
6	12	0	0	3054.0
3	12	0	1	1832.0
2	12	0	1	4989.0
1	12	0	1	5469.0
6	12	0	0	4276.0
5	12	1	0	5055.0
4	12	1	0	4771.0
3	12	1	0	4775.0
2	12	1	0	7133.0
1	12	1	0	5920.0
6	12	0	0	4415.0
5	12	0	0	2967.0
4	12	0	0	3157.0
3	12	0	0	3720.0
2	12	0	0	3724.0
1	12	0	0	4243.0
6	12	0	0	4955.0
5	12	1	0	5844.0
4	12	1	0	4613.0
3	12	1	0	5117.0
2	12	1	0	6098.0
1	12	1	0	6383.0
6	11	0	0	4925.0
5	11	1	0	5144.0
4	11	1	0	4361.0
3	11	1	0	4969.0
2	11	1	0	4789.0
1	11	1	0	5646.0
6	11	0	0	3788.0
5	11	0	0	3626.0
4	11	0	0	3406.0
3	11	0	0	3310.0
2	11	0	0	3535.0
1	11	0	0	4149.0
6	11	0	0	3538.0
5	11	1	0	4047.0
4	11	1	0	4394.0
3	11	1	0	4646.0
2	11	1	0	4732.0
1	11	1	0	5780.0
6	11	0	0	3616.0
5	11	1	0	4086.0
4	11	1	0	5158.0
3	11	1	0	4971.0
2	11	1	0	4787.0
1	11	1	0	7303.0
5	10	0	0	3691.0
4	10	0	0	3863.0
3	10	0	0	3198.0
2	10	0	0	3505.0
1	10	0	0	3596.0
6	10	0	0	3744.0
5	10	1	0	3792.0
4	10	1	0	4359.0
3	10	1	0	4183.0
2	10	1	0	3618.0
1	10	1	0	5411.0
6	10	0	0	3495.0
5	10	0	1	2851.0
4	10	0	1	2900.0
3	10	0	1	3171.0
2	10	0	1	3763.0
1	10	0	1	3448.0
6	10	0	0	3618.0
5	10	1	1	3792.0
4	10	1	1	4363.0
3	10	1	1	4053.0
2	10	1	1	3649.0
1	10	1	1	5784.0
6	10	0	0	4200.0
4	10	1	0	5037.0
3	10	1	0	4783.0
2	9	1	0	4819.0
1	9	1	0	5556.0
6	9	0	0	3075.0
5	9	0	0	2459.0
4	9	0	0	2842.0
3	9	0	0	3121.0
2	9	0	0	3051.0
1	9	0	0	2993.0
6	9	0	0	3261.0
5	9	1	0	3430.0
4	9	1	0	4055.0
3	9	1	0	4052.0
2	9	1	0	5066.0
1	9	1	0	4791.0
6	9	0	0	3338.0
5	9	0	0	3146.0
4	9	0	0	2960.0
3	9	0	0	3407.0
2	9	0	0	3097.0
1	9	0	0	3324.0
6	9	0	0	3606.0
5	9	1	0	3909.0
4	9	1	0	4174.0
3	9	1	0	4765.0
2	9	1	0	4557.0
1	9	1	0	6366.0
6	8	0	0	3303.0
5	8	0	0	3197.0
4	8	0	0	3185.0
3	8	0	0	3363.0
2	8	0	0	2946.0
1	8	0	0	2904.0
6	8	0	0	3118.0
5	8	1	0	3296.0
4	8	1	0	4166.0
3	8	1	0	4309.0
2	8	1	1	4226.0
1	8	1	1	4924.0
6	8	0	0	3617.0
5	8	0	1	2849.0
4	8	0	1	2611.0
3	8	0	1	3373.0
2	8	0	1	2620.0
1	8	0	1	3040.0
6	8	0	0	3024.0
5	8	1	1	3704.0
4	8	1	1	3808.0
3	8	1	1	3859.0
2	8	1	1	4286.0
1	8	1	1	5301.0
6	8	0	0	3603.0
5	8	1	1	3855.0
4	7	1	1	3913.0
3	7	1	1	4286.0
2	7	1	1	4243.0
1	7	1	1	4141.0
6	7	0	0	3002.0
5	7	0	1	2526.0
4	7	0	1	2974.0
3	7	0	1	3263.0
2	7	0	1	3275.0
1	7	0	1	2965.0
6	7	0	0	2834.0
5	7	1	1	3628.0
4	7	1	1	4119.0
3	7	1	1	4762.0
2	7	1	1	5436.0
1	7	1	1	4259.0
6	7	0	0	4213.0
5	7	0	1	3245.0
4	7	0	1	3472.0
3	7	0	1	2737.0
2	7	0	1	2670.0
1	7	0	1	4409.0
6	7	0	0	3275.0
5	7	1	0	3993.0
4	7	1	0	4660.0
3	7	1	0	4876.0
2	7	1	0	5250.0
1	6	1	0	6188.0
6	6	0	0	3358.0
5	6	0	0	3310.0
4	6	0	0	2730.0
3	6	0	0	3370.0
2	6	0	0	3163.0
1	6	0	0	3806.0
6	6	0	0	3889.0
5	6	1	0	5353.0
3	6	1	0	5193.0
2	6	1	0	5429.0
1	6	1	0	5247.0
6	6	0	0	3566.0
5	6	0	0	3440.0
4	6	0	0	3235.0
3	6	0	0	3234.0
2	6	0	1	3725.0
6	6	0	0	3863.0
5	6	1	0	4665.0
4	6	1	0	4295.0
3	6	1	0	4812.0
2	6	1	0	6090.0
1	6	1	0	6860.0
6	5	0	0	3968.0
5	5	0	0	4404.0
3	5	0	0	3275.0
2	5	0	0	3418.0
1	5	0	0	3045.0
6	5	0	0	3427.0
5	5	1	0	3228.0
4	5	1	0	4178.0
3	5	1	0	4675.0
2	5	1	0	5694.0
1	5	1	0	7149.0
6	5	0	0	4157.0
5	5	0	0	3507.0
4	5	0	0	3642.0
3	5	0	0	3134.0
2	5	0	0	3458.0
1	5	0	0	3722.0
6	5	0	0	3285.0
5	5	1	0	4193.0
4	5	1	0	4576.0
3	5	1	0	4323.0
2	5	1	0	5550.0
1	5	1	0	6942.0
6	5	0	0	3579.0
5	5	1	0	5198.0
3	4	1	0	5079.0
2	4	1	0	5491.0
1	4	1	0	6091.0
6	4	0	0	3130.0
5	4	0	1	3071.0
4	4	0	1	3583.0
3	4	0	1	3937.0
2	4	0	1	4008.0
6	4	0	0	4231.0
4	4	1	1	5365.0
3	4	1	1	6085.0
2	4	1	1	4939.0
1	4	1	1	5862.0
6	4	0	0	4416.0
5	4	0	0	3765.0
4	4	0	0	3685.0
3	4	0	0	3758.0
2	4	0	0	3577.0
1	4	0	0	3635.0
6	4	0	0	3699.0
5	4	1	0	4836.0
4	4	1	0	4650.0
3	4	1	0	4884.0
2	4	1	0	5529.0
1	3	1	0	5947.0
6	3	0	0	3580.0
5	3	0	0	3337.0
4	3	0	0	3322.0
3	3	0	0	3294.0
2	3	0	0	3449.0
1	3	0	0	3785.0
6	3	0	0	3485.0
5	3	1	0	3412.0
4	3	1	0	4750.0
3	3	1	0	4312.0
2	3	1	0	4617.0
1	3	1	0	6602.0
6	3	0	0	3465.0
5	3	0	0	3527.0
4	3	0	0	3123.0
3	3	0	0	3575.0
2	3	0	0	3884.0
1	3	0	0	3642.0
6	3	0	0	3997.0
5	3	1	0	4350.0
4	3	1	0	4898.0
3	3	1	0	5324.0
2	3	1	0	6232.0
1	3	1	0	4350.0
6	3	0	0	3870.0
5	2	0	0	3707.0
4	2	0	0	3436.0
3	2	0	0	3530.0
2	2	0	0	3237.0
1	2	0	0	3901.0
6	2	0	0	3514.0
5	2	1	0	4141.0
4	2	1	0	4780.0
3	2	1	0	4709.0
2	2	1	0	4993.0
1	2	1	0	6119.0
6	2	0	0	3559.0
5	2	0	0	3189.0
4	2	0	0	3257.0
3	2	0	0	3761.0
2	2	0	0	3642.0
1	2	0	0	3820.0
6	2	0	0	3796.0
5	2	1	0	4035.0
4	2	1	0	4445.0
3	2	1	0	5415.0
2	2	1	0	5541.0
1	2	1	0	7718.0
6	2	0	0	3818.0
5	1	0	0	3834.0
4	1	0	0	3513.0
3	1	0	0	3462.0
2	1	0	0	3537.0
1	1	0	0	3884.0
6	1	0	0	3785.0
5	1	1	0	3925.0
4	1	1	0	4728.0
3	1	1	0	4798.0
2	1	1	0	5189.0
1	1	1	0	6613.0
6	1	0	0	3815.0
5	1	0	0	3547.0
4	1	0	0	3671.0
3	1	0	0	3378.0
2	1	0	0	3749.0
1	1	0	0	3944.0
6	1	0	0	3309.0
5	1	1	0	4509.0
4	1	1	0	4298.0
3	1	1	0	4930.0
2	1	1	1	6051.0
1	1	1	1	7237.0
6	1	0	0	3785.0
5	1	0	1	2895.0
4	1	0	1	3254.0
2	12	0	1	2090.0
1	12	0	1	4546.0
6	12	0	0	3241.0
5	12	0	1	3292.0
2	12	0	1	1950.0
1	12	0	1	5968.0
6	12	0	0	5231.0
5	12	1	0	6315.0
4	12	1	0	5486.0
3	12	1	0	6109.0
2	12	1	0	6437.0
1	12	1	0	9344.0
6	12	0	0	4410.0
5	12	0	0	4231.0
4	12	0	0	4240.0
3	12	0	0	3854.0
2	12	0	0	3847.0
1	12	0	0	4836.0
6	12	0	0	3712.0
5	12	1	0	5230.0
4	12	1	0	4721.0
3	12	1	0	5307.0
2	12	1	0	5989.0
1	12	1	0	7500.0
6	11	0	0	5039.0
5	11	0	0	4478.0
4	11	0	0	3730.0
3	11	0	0	3865.0
2	11	0	0	4157.0
1	11	0	0	4129.0
6	11	0	0	3770.0
5	11	1	0	4167.0
4	11	1	0	4214.0
3	11	1	0	5688.0
2	11	1	0	5294.0
1	11	1	0	6360.0
6	11	0	0	4376.0
5	11	0	0	3335.0
4	11	0	0	3362.0
3	11	0	0	3791.0
2	11	0	0	3474.0
1	11	0	0	3954.0
6	11	0	0	6068.0
5	11	1	0	11649.0
4	11	1	0	5872.0
3	11	1	0	5922.0
2	11	1	0	6880.0
1	11	1	0	6560.0
6	11	0	0	4194.0
4	10	0	1	4523.0
3	10	0	1	3536.0
2	10	0	1	5441.0
1	10	0	1	4198.0
6	10	0	0	3952.0
5	10	1	1	3643.0
4	10	1	1	5064.0
3	10	1	1	4591.0
2	10	1	1	4680.0
1	10	1	1	6286.0
6	10	0	0	3732.0
5	10	0	0	3251.0
4	10	0	0	3525.0
3	10	0	0	3690.0
2	10	0	0	5066.0
1	10	0	0	4264.0
6	10	0	0	3636.0
5	10	1	0	3677.0
4	10	1	0	4438.0
3	10	1	0	4443.0
2	10	1	0	5820.0
1	10	1	0	6453.0
6	10	0	0	3845.0
5	10	0	0	4002.0
3	10	0	0	3667.0
2	10	0	0	3566.0
1	9	0	0	5254.0
6	9	0	0	3263.0
5	9	1	0	3767.0
4	9	1	0	3882.0
3	9	1	0	3913.0
2	9	1	0	4669.0
1	9	1	0	5267.0
6	9	0	0	3640.0
5	9	0	0	2832.0
4	9	0	0	2537.0
3	9	0	0	2632.0
2	9	0	0	2762.0
1	9	0	0	3502.0
6	9	0	0	2848.0
5	9	1	0	4768.0
4	9	1	0	5216.0
3	9	1	0	5460.0
2	9	1	0	3035.0
1	9	1	0	5945.0
6	9	0	0	3258.0
5	9	0	0	3225.0
4	9	0	0	3031.0
3	9	0	0	2874.0
2	9	0	1	3328.0
1	9	0	1	6038.0
6	8	0	0	2942.0
5	8	1	1	5012.0
4	8	1	1	3904.0
3	8	1	1	4587.0
2	8	1	1	4663.0
1	8	1	1	7586.0
6	8	0	0	2743.0
5	8	0	1	3159.0
4	8	0	1	2911.0
3	8	0	1	2621.0
2	8	0	1	3474.0
1	8	0	1	3532.0
6	8	0	0	3143.0
5	8	1	1	3935.0
4	8	1	1	4696.0
3	8	1	1	4810.0
2	8	1	1	4747.0
1	8	1	1	6333.0
6	8	0	0	2841.0
5	8	0	1	3565.0
4	8	0	1	3095.0
3	8	0	1	2329.0
2	8	0	1	3036.0
1	8	0	1	3035.0
6	8	0	0	2937.0
5	8	1	1	4326.0
4	8	1	1	4212.0
3	7	1	1	4378.0
2	7	1	1	5351.0
1	7	1	1	6129.0
6	7	0	0	2966.0
5	7	0	1	3423.0
4	7	0	1	3851.0
3	7	0	1	3111.0
2	7	0	1	3189.0
1	7	0	1	3247.0
6	7	0	0	3467.0
5	7	1	0	4760.0
4	7	1	0	4998.0
3	7	1	0	5216.0
2	7	1	0	5366.0
1	7	1	0	7372.0
6	7	0	0	3321.0
5	7	0	0	3288.0
4	7	0	0	3469.0
3	7	0	0	3510.0
2	7	0	0	3592.0
1	7	0	0	3736.0
6	7	0	0	3697.0
5	7	1	0	3993.0
4	7	1	0	5308.0
3	7	1	0	4391.0
2	7	1	0	5000.0
1	7	1	0	6184.0
6	6	0	0	3791.0
5	6	0	0	3429.0
4	6	0	0	3686.0
3	6	0	0	3381.0
2	6	0	0	3360.0
1	6	0	0	3373.0
6	6	0	0	3664.0
5	6	1	0	3694.0
4	6	1	0	4131.0
3	6	1	0	4154.0
2	6	1	0	5358.0
1	6	1	0	6521.0
6	6	0	0	3936.0
5	6	0	0	4033.0
4	6	0	0	3253.0
3	6	0	0	3828.0
2	6	0	0	3674.0
1	6	0	0	4808.0
6	6	0	0	4472.0
5	6	1	0	4933.0
4	6	1	0	4814.0
3	6	1	0	5018.0
2	6	1	0	5616.0
1	6	1	0	6500.0
6	6	0	0	4246.0
5	5	1	0	5854.0
3	5	1	0	4739.0
2	5	1	0	5904.0
1	5	1	0	7357.0
6	5	0	0	3272.0
5	5	0	0	3107.0
4	5	0	0	3517.0
3	5	0	0	3106.0
2	5	0	1	3765.0
6	5	0	0	4129.0
5	5	1	0	4880.0
4	5	1	0	4484.0
3	5	1	0	4922.0
2	5	1	0	5239.0
1	5	1	0	5426.0
6	5	0	0	3746.0
5	5	0	0	4627.0
3	5	0	0	4340.0
2	5	0	0	3699.0
1	5	0	0	5897.0
6	5	0	0	3917.0
5	5	1	0	4996.0
4	5	1	0	5772.0
2	4	1	0	6000.0
1	4	1	0	6642.0
6	4	0	0	3709.0
5	4	1	0	3826.0
4	4	1	0	4520.0
3	4	1	0	4427.0
2	4	1	0	5606.0
1	4	1	0	6303.0
6	4	0	0	3853.0
5	4	0	0	3658.0
4	4	0	0	4078.0
3	4	0	0	3350.0
2	4	0	0	3975.0
1	4	0	0	3652.0
6	4	0	0	3549.0
5	4	1	0	4388.0
4	4	1	0	4226.0
3	4	1	0	4437.0
2	4	1	0	5586.0
1	4	1	0	7100.0
6	4	0	0	3472.0
5	4	0	1	3302.0
4	4	0	1	3523.0
3	4	0	1	3912.0
2	4	0	1	4137.0
6	3	0	0	4627.0
4	3	1	1	4655.0
3	3	1	1	4833.0
2	3	1	1	4923.0
1	3	1	1	6032.0
6	3	0	0	3348.0
5	3	1	0	3872.0
4	3	1	0	3796.0
3	3	1	0	3854.0
2	3	1	0	5207.0
1	3	1	0	5954.0
6	3	0	0	4131.0
5	3	0	0	3581.0
4	3	0	0	3055.0
3	3	0	0	2906.0
2	3	0	0	2939.0
1	3	0	0	3018.0
6	3	0	0	2857.0
5	3	1	0	4446.0
4	3	1	0	4338.0
3	3	1	0	4692.0
2	3	1	0	5619.0
1	3	1	0	6803.0
6	3	0	0	3976.0
5	3	0	0	3101.0
4	2	0	0	3556.0
3	2	0	0	3199.0
2	2	0	0	3321.0
1	2	0	0	2915.0
6	2	0	0	3036.0
5	2	1	0	3927.0
4	2	1	0	4364.0
3	2	1	0	4712.0
2	2	1	0	4732.0
1	2	1	0	5577.0
6	2	0	0	3434.0
5	2	0	0	3077.0
4	2	0	0	3509.0
3	2	0	0	3235.0
2	2	0	0	3271.0
1	2	0	0	2313.0
6	2	0	0	3884.0
5	2	1	0	4309.0
4	2	1	0	4380.0
3	2	1	0	5499.0
2	2	1	0	4920.0
1	2	1	0	6579.0
6	2	0	0	4414.0
5	2	0	0	3580.0
4	1	0	0	3398.0
3	1	0	0	3039.0
2	1	0	0	2805.0
1	1	0	0	3265.0
6	1	0	0	3555.0
5	1	1	0	3719.0
4	1	1	0	4451.0
3	1	1	0	4820.0
2	1	1	0	4761.0
1	1	1	0	4597.0
6	1	0	0	3468.0
5	1	0	0	3348.0
4	1	0	0	2911.0
3	1	0	0	3236.0
2	1	0	0	2888.0
1	1	0	0	3946.0
6	1	0	0	4635.0
5	1	1	0	4642.0
4	1	1	0	4606.0
3	1	1	0	4108.0
2	1	1	0	5076.0
1	1	1	0	6797.0
6	1	0	0	3788.0
5	1	0	1	3370.0
4	1	0	1	3285.0
3	1	0	1	3921.0
