5	7	1	1	11996.0
4	7	1	1	9553.0
3	7	1	1	7881.0
2	7	1	1	10419.0
1	7	1	1	12827.0
6	7	0	0	5041.0
5	7	0	1	6798.0
4	7	0	1	6828.0
3	7	0	1	5938.0
2	7	0	1	7004.0
1	7	0	1	7663.0
6	7	0	0	7290.0
5	7	1	1	8223.0
4	7	1	1	9010.0
3	7	1	1	9912.0
2	7	1	1	9782.0
1	7	1	1	12303.0
6	7	0	0	5788.0
5	7	0	1	7568.0
4	7	0	1	7319.0
3	7	0	1	6966.0
2	7	0	1	7670.0
1	7	0	1	8159.0
6	7	0	0	6615.0
5	7	1	1	9217.0
4	7	1	1	9201.0
3	7	1	1	10917.0
2	6	1	1	14302.0
1	6	1	1	13000.0
6	6	0	0	7926.0
5	6	0	0	7402.0
4	6	0	0	7590.0
3	6	0	0	7360.0
2	6	0	0	6712.0
1	6	0	0	6784.0
6	6	0	0	6710.0
5	6	1	0	9532.0
4	6	1	0	9529.0
3	6	1	0	8693.0
2	6	1	0	11707.0
1	6	1	0	14788.0
6	6	0	0	6728.0
5	6	0	0	7792.0
4	6	0	0	7408.0
3	6	0	0	6664.0
2	6	0	0	8112.0
1	6	0	0	8718.0
6	6	0	0	7478.0
5	6	1	0	10395.0
3	6	1	0	11876.0
2	6	1	0	12690.0
1	6	1	0	15707.0
6	5	0	0	9417.0
5	5	0	0	10497.0
4	5	0	0	8014.0
3	5	0	0	6944.0
2	5	0	1	8827.0
6	5	0	0	7190.0
5	5	1	0	8932.0
4	5	1	0	8992.0
3	5	1	0	8673.0
2	5	1	0	10226.0
1	5	1	0	12719.0
6	5	0	0	7112.0
5	5	0	0	8834.0
3	5	0	0	9409.0
2	5	0	0	8140.0
1	5	0	0	7581.0
6	5	0	0	7291.0
5	5	1	0	9856.0
4	5	1	0	9237.0
3	5	1	0	10506.0
2	5	1	0	10314.0
1	5	1	0	13967.0
6	5	0	0	10060.0
4	4	1	0	13279.0
3	4	1	0	9728.0
2	4	1	0	10658.0
1	4	1	0	12012.0
6	4	0	0	6594.0
5	4	0	0	6541.0
4	4	0	0	6626.0
3	4	0	0	6468.0
2	4	0	0	6730.0
1	4	0	0	7487.0
6	4	0	0	6766.0
5	4	1	0	8633.0
4	4	1	0	9872.0
3	4	1	0	8496.0
2	4	1	0	10318.0
1	4	1	0	13106.0
6	4	0	0	7619.0
5	4	0	1	6850.0
4	4	0	1	7176.0
3	4	0	1	7131.0
2	4	0	1	8596.0
6	4	0	0	9982.0
4	4	1	1	13182.0
3	4	1	1	13035.0
2	3	1	1	12702.0
1	3	1	1	13244.0
6	3	0	0	7171.0
5	3	0	0	6621.0
4	3	0	0	6606.0
3	3	0	0	6648.0
2	3	0	0	6695.0
1	3	0	0	7440.0
6	3	0	0	6807.0
5	3	1	0	7967.0
4	3	1	0	8472.0
3	3	1	0	7347.0
2	3	1	0	8545.0
1	3	1	0	9967.0
6	3	0	0	7178.0
5	3	0	0	7680.0
4	3	0	0	6633.0
3	3	0	0	6771.0
2	3	0	0	6622.0
1	3	0	0	7248.0
6	3	0	0	6896.0
5	3	1	0	9214.0
4	3	1	0	9045.0
3	3	1	0	9398.0
2	3	1	0	10291.0
1	3	1	0	12915.0
6	2	0	0	8309.0
5	2	0	0	9676.0
4	2	0	0	6625.0
3	2	0	0	6826.0
2	2	0	0	6330.0
1	2	0	0	6763.0
6	2	0	0	6460.0
5	2	1	0	7273.0
4	2	1	0	8466.0
3	2	1	0	9229.0
2	2	1	0	9434.0
1	2	1	0	11491.0
6	2	0	0	8010.0
5	2	0	0	8807.0
4	2	0	0	7137.0
3	2	0	0	6743.0
2	2	0	0	7392.0
1	2	0	0	6214.0
6	2	0	0	6952.0
5	2	1	0	8343.0
4	2	1	0	8454.0
3	2	1	0	9742.0
2	2	1	0	10506.0
1	2	1	0	13911.0
6	1	0	0	8022.0
5	1	1	0	10349.0
4	1	1	0	8970.0
3	1	1	0	7152.0
2	1	1	0	8952.0
1	1	1	0	11229.0
6	1	0	0	5241.0
5	1	0	0	6289.0
4	1	0	0	5966.0
3	1	0	0	6688.0
2	1	0	0	6484.0
1	1	0	0	6526.0
6	1	0	0	7013.0
5	1	1	0	9674.0
4	1	1	0	7423.0
3	1	1	0	7810.0
2	1	1	0	9046.0
1	1	1	0	11185.0
6	1	0	0	5709.0
5	1	1	0	8259.0
4	1	1	0	6952.0
3	1	1	0	8694.0
2	1	1	1	9731.0
1	1	1	1	13097.0
6	1	0	0	6483.0
5	1	0	1	7849.0
3	12	0	1	4855.0
2	12	0	1	10767.0
1	12	0	1	8350.0
6	12	0	0	5516.0
3	12	0	1	6628.0
2	12	0	1	13446.0
1	12	0	1	12187.0
6	12	0	0	9859.0
5	12	1	0	11279.0
4	12	1	0	12284.0
3	12	1	0	10756.0
2	12	1	0	13189.0
1	12	1	0	15734.0
6	12	0	0	7792.0
5	12	0	0	6725.0
4	12	0	0	6709.0
3	12	0	0	6338.0
2	12	0	0	7303.0
1	12	0	0	7858.0
6	12	0	0	7194.0
5	12	1	0	10427.0
4	12	1	0	9936.0
3	12	1	0	8858.0
2	12	1	0	11189.0
1	12	1	0	13215.0
6	11	0	0	8428.0
5	11	1	0	11821.0
4	11	1	0	8193.0
3	11	1	0	8355.0
2	11	1	0	8923.0
1	11	1	0	10747.0
6	11	0	0	6589.0
5	11	0	0	6494.0
4	11	0	0	6397.0
3	11	0	0	6050.0
2	11	0	0	6041.0
1	11	0	0	7560.0
6	11	0	0	6871.0
5	11	1	0	9451.0
4	11	1	0	7516.0
3	11	1	0	7981.0
2	11	1	0	8547.0
1	11	1	0	10503.0
6	11	0	0	6707.0
5	11	1	0	7967.0
4	11	1	0	7814.0
3	11	1	0	9276.0
2	11	1	0	10254.0
1	11	1	0	15249.0
5	10	0	0	11315.0
4	10	0	0	6979.0
3	10	0	0	5565.0
2	10	0	0	6629.0
1	10	0	0	6213.0
6	10	0	0	5374.0
5	10	1	0	8093.0
4	10	1	0	8161.0
3	10	1	0	8556.0
2	10	1	0	7495.0
1	10	1	0	10479.0
6	10	0	0	6187.0
5	10	0	1	6240.0
4	10	0	1	5816.0
3	10	0	1	6165.0
2	10	0	1	6259.0
1	10	0	1	6016.0
6	10	0	0	6101.0
5	10	1	1	7736.0
4	10	1	1	7723.0
3	10	1	1	7983.0
2	10	1	1	7996.0
1	10	1	1	11590.0
6	10	0	0	7514.0
4	10	1	0	9673.0
3	10	1	0	9973.0
2	9	1	0	11663.0
1	9	1	0	9685.0
6	9	0	0	5516.0
5	9	0	0	5526.0
4	9	0	0	6110.0
3	9	0	0	5021.0
2	9	0	0	5768.0
1	9	0	0	5667.0
6	9	0	0	5813.0
5	9	1	0	7233.0
4	9	1	0	7737.0
3	9	1	0	7099.0
2	9	1	0	8193.0
1	9	1	0	11162.0
6	9	0	0	6323.0
5	9	0	0	6444.0
4	9	0	0	6215.0
3	9	0	0	6004.0
2	9	0	0	6512.0
1	9	0	0	7369.0
6	9	0	0	6441.0
5	9	1	0	7960.0
4	9	1	0	8056.0
3	9	1	0	8902.0
2	9	1	0	10291.0
1	9	1	0	14331.0
6	8	0	0	8137.0
5	8	0	0	8853.0
4	8	0	0	6510.0
3	8	0	0	5856.0
2	8	0	0	5193.0
1	8	0	0	6051.0
6	8	0	0	6402.0
5	8	1	0	7489.0
4	8	1	0	6996.0
3	8	1	0	8593.0
2	8	1	1	9354.0
1	8	1	1	11254.0
6	8	0	0	6137.0
5	8	0	1	6053.0
4	8	0	1	6434.0
3	8	0	1	6019.0
2	8	0	1	6822.0
1	8	0	1	6980.0
6	8	0	0	6338.0
5	8	1	1	7869.0
4	8	1	1	8168.0
3	8	1	1	8350.0
2	8	1	1	9667.0
1	8	1	1	11819.0
6	8	0	0	6477.0
5	8	1	1	8797.0
4	7	1	1	11613.0
3	7	1	1	8873.0
2	7	1	1	8655.0
1	7	1	1	9544.0
6	7	0	0	5790.0
5	7	0	1	6194.0
4	7	0	1	5673.0
3	7	0	1	5509.0
2	7	0	1	6273.0
1	7	0	1	6931.0
6	7	0	0	5626.0
5	7	1	1	6822.0
4	7	1	1	7887.0
3	7	1	1	8087.0
2	7	1	1	9856.0
1	7	1	1	11034.0
6	7	0	0	6713.0
5	7	0	1	6405.0
4	7	0	1	6551.0
3	7	0	1	4965.0
2	7	0	1	4919.0
1	7	0	1	6870.0
6	7	0	0	6756.0
5	7	1	0	6771.0
4	7	1	0	8504.0
3	7	1	0	10139.0
2	7	1	0	11910.0
1	6	1	0	15389.0
6	6	0	0	5714.0
5	6	0	0	6524.0
4	6	0	0	5631.0
3	6	0	0	5944.0
2	6	0	0	5598.0
1	6	0	0	6027.0
6	6	0	0	6289.0
5	6	1	0	10965.0
3	6	1	0	9829.0
2	6	1	0	9720.0
1	6	1	0	11234.0
6	6	0	0	7032.0
5	6	0	0	7777.0
4	6	0	0	6775.0
3	6	0	0	6602.0
2	6	0	1	6790.0
6	6	0	0	6474.0
5	6	1	0	7864.0
4	6	1	0	7640.0
3	6	1	0	8618.0
2	6	1	0	10145.0
1	6	1	0	12896.0
6	5	0	0	7278.0
5	5	0	0	9998.0
3	5	0	0	7522.0
2	5	0	0	6061.0
1	5	0	0	5930.0
6	5	0	0	6167.0
5	5	1	0	7765.0
4	5	1	0	7212.0
3	5	1	0	7419.0
2	5	1	0	8084.0
1	5	1	0	10533.0
6	5	0	0	6282.0
5	5	0	0	7200.0
4	5	0	0	6749.0
3	5	0	0	6665.0
2	5	0	0	6363.0
1	5	0	0	5938.0
6	5	0	0	7756.0
5	5	1	0	7581.0
4	5	1	0	7948.0
3	5	1	0	8121.0
2	5	1	0	8126.0
1	5	1	0	12271.0
6	5	0	0	6907.0
5	5	1	0	11237.0
3	4	1	0	12098.0
2	4	1	0	10841.0
1	4	1	0	10777.0
6	4	0	0	5670.0
5	4	0	1	5763.0
4	4	0	1	5229.0
3	4	0	1	5321.0
2	4	0	1	7071.0
6	4	0	0	8911.0
4	4	1	1	9977.0
3	4	1	1	8814.0
2	4	1	1	11037.0
1	4	1	1	12402.0
6	4	0	0	5997.0
5	4	0	0	6410.0
4	4	0	0	6549.0
3	4	0	0	6126.0
2	4	0	0	5712.0
1	4	0	0	6648.0
6	4	0	0	6453.0
5	4	1	0	8127.0
4	4	1	0	7724.0
3	4	1	0	8099.0
2	4	1	0	10687.0
1	3	1	0	12983.0
6	3	0	0	6075.0
5	3	0	0	6357.0
4	3	0	0	6098.0
3	3	0	0	5360.0
2	3	0	0	5638.0
1	3	0	0	6234.0
6	3	0	0	6187.0
5	3	1	0	7413.0
4	3	1	0	7128.0
3	3	1	0	7702.0
2	3	1	0	8390.0
1	3	1	0	11698.0
6	3	0	0	5972.0
5	3	0	0	6536.0
4	3	0	0	5731.0
3	3	0	0	5920.0
2	3	0	0	6028.0
1	3	0	0	6345.0
6	3	0	0	5929.0
5	3	1	0	8028.0
4	3	1	0	8139.0
3	3	1	0	8314.0
2	3	1	0	10734.0
1	3	1	0	11326.0
6	3	0	0	7838.0
5	2	0	0	8704.0
4	2	0	0	6377.0
3	2	0	0	5826.0
2	2	0	0	5563.0
1	2	0	0	5971.0
6	2	0	0	6169.0
5	2	1	0	7028.0
4	2	1	0	7520.0
3	2	1	0	7049.0
2	2	1	0	9143.0
1	2	1	0	11629.0
6	2	0	0	6772.0
5	2	0	0	7286.0
4	2	0	0	6363.0
3	2	0	0	5886.0
2	2	0	0	5953.0
1	2	0	0	5714.0
6	2	0	0	6523.0
5	2	1	0	6837.0
4	2	1	0	8122.0
3	2	1	0	8031.0
2	2	1	0	10038.0
1	2	1	0	14845.0
6	2	0	0	6989.0
5	1	0	0	8653.0
4	1	0	0	5962.0
3	1	0	0	5452.0
2	1	0	0	5736.0
1	1	0	0	6032.0
6	1	0	0	5931.0
5	1	1	0	6868.0
4	1	1	0	6796.0
3	1	1	0	7979.0
2	1	1	0	8637.0
1	1	1	0	11101.0
6	1	0	0	5969.0
5	1	0	0	6616.0
4	1	0	0	5674.0
3	1	0	0	5920.0
2	1	0	0	5765.0
1	1	0	0	5465.0
6	1	0	0	5718.0
5	1	1	0	7934.0
4	1	1	0	7046.0
3	1	1	0	8283.0
2	1	1	1	8854.0
1	1	1	1	11508.0
6	1	0	0	6089.0
5	1	0	1	6285.0
4	1	0	1	6684.0
2	12	0	1	4458.0
1	12	0	1	8896.0
6	12	0	0	6089.0
5	12	0	1	7663.0
2	12	0	1	5750.0
1	12	0	1	13786.0
6	12	0	0	9579.0
5	12	1	0	11727.0
4	12	1	0	9858.0
3	12	1	0	11045.0
2	12	1	0	12296.0
1	12	1	0	15662.0
6	12	0	0	6395.0
5	12	0	0	6770.0
4	12	0	0	7134.0
3	12	0	0	5996.0
2	12	0	0	6849.0
1	12	0	0	6702.0
6	12	0	0	5919.0
5	12	1	0	7768.0
4	12	1	0	8551.0
3	12	1	0	8190.0
2	12	1	0	10323.0
1	12	1	0	11624.0
6	11	0	0	7597.0
5	11	0	0	7976.0
4	11	0	0	6667.0
3	11	0	0	5680.0
2	11	0	0	5968.0
1	11	0	0	5551.0
6	11	0	0	6035.0
5	11	1	0	6691.0
4	11	1	0	6733.0
3	11	1	0	7373.0
2	11	1	0	8511.0
1	11	1	0	9602.0
6	11	0	0	4991.0
5	11	0	0	6636.0
4	11	0	0	5588.0
3	11	0	0	5015.0
2	11	0	0	5534.0
1	11	0	0	5846.0
6	11	0	0	6122.0
5	11	1	0	7263.0
4	11	1	0	6893.0
3	11	1	0	7694.0
2	11	1	0	8338.0
1	11	1	0	10338.0
6	11	0	0	7520.0
4	10	0	1	8123.0
3	10	0	1	5879.0
2	10	0	1	5073.0
1	10	0	1	4754.0
6	10	0	0	4982.0
5	10	1	1	6248.0
4	10	1	1	6392.0
3	10	1	1	5963.0
2	10	1	1	6573.0
1	10	1	1	8878.0
6	10	0	0	4909.0
5	10	0	0	5817.0
4	10	0	0	5379.0
3	10	0	0	5311.0
2	10	0	0	5003.0
1	10	0	0	5473.0
6	10	0	0	5545.0
5	10	1	0	7196.0
4	10	1	0	7334.0
3	10	1	0	7301.0
2	10	1	0	8285.0
1	10	1	0	10699.0
6	10	0	0	5313.0
5	10	0	0	7648.0
3	10	0	0	6349.0
2	10	0	0	6934.0
1	9	0	0	7268.0
6	9	0	0	4949.0
5	9	1	0	7130.0
4	9	1	0	6414.0
3	9	1	0	5694.0
2	9	1	0	7881.0
1	9	1	0	9114.0
6	9	0	0	5413.0
5	9	0	0	5481.0
4	9	0	0	4774.0
3	9	0	0	5166.0
2	9	0	0	5297.0
1	9	0	0	6117.0
6	9	0	0	5150.0
5	9	1	0	7354.0
4	9	1	0	7484.0
3	9	1	0	7736.0
2	9	1	0	7711.0
1	9	1	0	11414.0
6	9	0	0	5568.0
5	9	0	0	5520.0
4	9	0	0	5708.0
3	9	0	0	5659.0
2	9	0	1	6526.0
1	9	0	1	6546.0
6	8	0	0	6631.0
5	8	1	1	9831.0
4	8	1	1	7416.0
3	8	1	1	6383.0
2	8	1	1	7896.0
1	8	1	1	10736.0
6	8	0	0	4811.0
5	8	0	1	4980.0
4	8	0	1	5179.0
3	8	0	1	4953.0
2	8	0	1	5358.0
1	8	0	1	5247.0
6	8	0	0	5307.0
5	8	1	1	6549.0
4	8	1	1	7354.0
3	8	1	1	7543.0
2	8	1	1	8079.0
1	8	1	1	10710.0
6	8	0	0	5497.0
5	8	0	1	6143.0
4	8	0	1	5766.0
3	8	0	1	5567.0
2	8	0	1	6355.0
1	8	0	1	5976.0
6	8	0	0	5917.0
5	8	1	1	6999.0
4	8	1	1	8237.0
3	7	1	1	9893.0
2	7	1	1	9302.0
1	7	1	1	11232.0
6	7	0	0	4621.0
5	7	0	1	5603.0
4	7	0	1	4910.0
3	7	0	1	5530.0
2	7	0	1	5255.0
1	7	0	1	5679.0
6	7	0	0	7012.0
5	7	1	0	11217.0
4	7	1	0	9806.0
3	7	1	0	11224.0
2	7	1	0	12714.0
1	7	1	0	17108.0
6	7	0	0	5221.0
5	7	0	0	6153.0
4	7	0	0	6093.0
3	7	0	0	6053.0
2	7	0	0	5963.0
1	7	0	0	5712.0
6	7	0	0	5160.0
5	7	1	0	7603.0
4	7	1	0	7643.0
3	7	1	0	7281.0
2	7	1	0	9808.0
1	7	1	0	11315.0
6	6	0	0	6736.0
5	6	0	0	6582.0
4	6	0	0	5976.0
3	6	0	0	5485.0
2	6	0	0	6135.0
1	6	0	0	5864.0
6	6	0	0	5563.0
5	6	1	0	7166.0
4	6	1	0	5803.0
3	6	1	0	6412.0
2	6	1	0	7197.0
1	6	1	0	9257.0
6	6	0	0	6038.0
5	6	0	0	5802.0
4	6	0	0	5378.0
3	6	0	0	5490.0
2	6	0	0	6117.0
1	6	0	0	5816.0
6	6	0	0	5344.0
5	6	1	0	6978.0
4	6	1	0	6943.0
3	6	1	0	7343.0
2	6	1	0	7921.0
1	6	1	0	11489.0
6	6	0	0	5797.0
5	5	1	0	11740.0
3	5	1	0	8013.0
2	5	1	0	7244.0
1	5	1	0	8917.0
6	5	0	0	4889.0
5	5	0	0	5732.0
4	5	0	0	5464.0
3	5	0	0	5610.0
2	5	0	1	6625.0
6	5	0	0	6018.0
5	5	1	0	7946.0
4	5	1	0	7223.0
3	5	1	0	7836.0
2	5	1	0	8021.0
1	5	1	0	8950.0
6	5	0	0	6959.0
5	5	0	0	7484.0
3	5	0	0	7703.0
2	5	0	0	6364.0
1	5	0	0	6025.0
6	5	0	0	6021.0
5	5	1	0	8387.0
4	5	1	0	9831.0
2	4	1	0	10565.0
1	4	1	0	9601.0
6	4	0	0	5838.0
5	4	1	0	6573.0
4	4	1	0	6244.0
3	4	1	0	6437.0
2	4	1	0	7137.0
1	4	1	0	8269.0
6	4	0	0	5297.0
5	4	0	0	5603.0
4	4	0	0	5522.0
3	4	0	0	4776.0
2	4	0	0	5610.0
1	4	0	0	5533.0
6	4	0	0	4924.0
5	4	1	0	6382.0
4	4	1	0	6381.0
3	4	1	0	6616.0
2	4	1	0	7569.0
1	4	1	0	9012.0
6	4	0	0	5213.0
5	4	0	1	6253.0
4	4	0	1	5723.0
3	4	0	1	6570.0
2	4	0	1	6669.0
6	3	0	0	8400.0
4	3	1	1	10191.0
3	3	1	1	8075.0
2	3	1	1	7420.0
1	3	1	1	9319.0
6	3	0	0	5704.0
5	3	1	0	6630.0
4	3	1	0	6470.0
3	3	1	0	5756.0
2	3	1	0	7717.0
1	3	1	0	9357.0
6	3	0	0	5586.0
5	3	0	0	5643.0
4	3	0	0	4846.0
3	3	0	0	5751.0
2	3	0	0	4792.0
1	3	0	0	4994.0
6	3	0	0	5077.0
5	3	1	0	6916.0
4	3	1	0	7354.0
3	3	1	0	6633.0
2	3	1	0	6921.0
1	3	1	0	10308.0
6	3	0	0	5880.0
5	3	0	0	6983.0
4	2	0	0	6544.0
3	2	0	0	5219.0
2	2	0	0	5290.0
1	2	0	0	4866.0
6	2	0	0	4704.0
5	2	1	0	6535.0
4	2	1	0	6401.0
3	2	1	0	6797.0
2	2	1	0	6674.0
1	2	1	0	10567.0
6	2	0	0	5828.0
5	2	0	0	5946.0
4	2	0	0	6017.0
3	2	0	0	5452.0
2	2	0	0	5064.0
1	2	0	0	4190.0
6	2	0	0	5897.0
5	2	1	0	6789.0
4	2	1	0	6833.0
3	2	1	0	6711.0
2	2	1	0	7186.0
1	2	1	0	9657.0
6	2	0	0	6380.0
5	2	0	0	6692.0
4	1	0	0	6660.0
3	1	0	0	5006.0
2	1	0	0	4495.0
1	1	0	0	5115.0
6	1	0	0	4426.0
5	1	1	0	6458.0
4	1	1	0	5833.0
3	1	1	0	6597.0
2	1	1	0	7949.0
1	1	1	0	8331.0
6	1	0	0	5577.0
5	1	0	0	5109.0
4	1	0	0	4777.0
3	1	0	0	4725.0
2	1	0	0	4770.0
1	1	0	0	4562.0
6	1	0	0	5818.0
5	1	1	0	6556.0
4	1	1	0	7236.0
3	1	1	0	5731.0
2	1	1	0	7642.0
1	1	1	0	9467.0
6	1	0	0	5457.0
5	1	0	1	5595.0
4	1	0	1	5166.0
3	1	0	1	5806.0
