5	7	1	1	11866.0
4	7	1	1	9205.0
3	7	1	1	9551.0
2	7	1	1	9699.0
1	7	1	1	12137.0
6	7	0	0	4370.0
5	7	0	1	7342.0
4	7	0	1	5888.0
3	7	0	1	6415.0
2	7	0	1	6707.0
1	7	0	1	6866.0
6	7	0	0	5521.0
5	7	1	1	8771.0
4	7	1	1	8787.0
3	7	1	1	10859.0
2	7	1	1	11402.0
1	7	1	1	12432.0
6	7	0	0	5685.0
5	7	0	1	7578.0
4	7	0	1	7048.0
3	7	0	1	6493.0
2	7	0	1	6794.0
1	7	0	1	7987.0
6	7	0	0	5103.0
5	7	1	1	10243.0
4	7	1	1	9120.0
3	7	1	1	11100.0
2	6	1	1	13239.0
1	6	1	1	13875.0
6	6	0	0	5709.0
5	6	0	0	7370.0
4	6	0	0	6081.0
3	6	0	0	6259.0
2	6	0	0	6659.0
1	6	0	0	5841.0
6	6	0	0	6231.0
5	6	1	0	10563.0
4	6	1	0	9601.0
3	6	1	0	11071.0
2	6	1	0	11523.0
1	6	1	0	13988.0
6	6	0	0	6576.0
5	6	0	0	7540.0
4	6	0	0	7673.0
3	6	0	0	7066.0
2	6	0	0	6622.0
1	6	0	0	7226.0
6	6	0	0	6929.0
5	6	1	0	12329.0
3	6	1	0	12031.0
2	6	1	0	12070.0
1	6	1	0	14298.0
6	5	0	0	7198.0
5	5	0	0	8752.0
4	5	0	0	6578.0
3	5	0	0	7346.0
2	5	0	1	7328.0
6	5	0	0	6083.0
5	5	1	0	9911.0
4	5	1	0	8720.0
3	5	1	0	10507.0
2	5	1	0	10411.0
1	5	1	0	11876.0
6	5	0	0	5977.0
5	5	0	0	10296.0
3	5	0	0	7839.0
2	5	0	0	7184.0
1	5	0	0	6294.0
6	5	0	0	6928.0
5	5	1	0	11126.0
4	5	1	0	9944.0
3	5	1	0	11147.0
2	5	1	0	10799.0
1	5	1	0	12417.0
6	5	0	0	8737.0
4	4	1	0	11266.0
3	4	1	0	11261.0
2	4	1	0	10152.0
1	4	1	0	13823.0
6	4	0	0	5201.0
5	4	0	0	6997.0
4	4	0	0	5337.0
3	4	0	0	6275.0
2	4	0	0	5515.0
1	4	0	0	6393.0
6	4	0	0	6128.0
5	4	1	0	10858.0
4	4	1	0	8667.0
3	4	1	0	10609.0
2	4	1	0	10411.0
1	4	1	0	12404.0
6	4	0	0	5469.0
5	4	0	1	7371.0
4	4	0	1	6584.0
3	4	0	1	7312.0
2	4	0	1	7671.0
6	4	0	0	8737.0
4	4	1	1	10252.0
3	4	1	1	13701.0
2	3	1	1	11339.0
1	3	1	1	13015.0
6	3	0	0	6444.0
5	3	0	0	7525.0
4	3	0	0	6158.0
3	3	0	0	6293.0
2	3	0	0	5242.0
1	3	0	0	5908.0
6	3	0	0	5238.0
5	3	1	0	9989.0
4	3	1	0	7852.0
3	3	1	0	9923.0
2	3	1	0	10498.0
1	3	1	0	13979.0
6	3	0	0	6120.0
5	3	0	0	7405.0
4	3	0	0	5886.0
3	3	0	0	6133.0
2	3	0	0	6070.0
1	3	0	0	6420.0
6	3	0	0	5952.0
5	3	1	0	9350.0
4	3	1	0	9710.0
3	3	1	0	10177.0
2	3	1	0	9502.0
1	3	1	0	13041.0
6	2	0	0	7209.0
5	2	0	0	8721.0
4	2	0	0	6391.0
3	2	0	0	6081.0
2	2	0	0	4892.0
1	2	0	0	6376.0
6	2	0	0	5854.0
5	2	1	0	9136.0
4	2	1	0	8830.0
3	2	1	0	9379.0
2	2	1	0	9847.0
1	2	1	0	12088.0
6	2	0	0	5826.0
5	2	0	0	7967.0
4	2	0	0	5234.0
3	2	0	0	6566.0
2	2	0	0	5643.0
1	2	0	0	5882.0
6	2	0	0	6828.0
5	2	1	0	10075.0
4	2	1	0	8488.0
3	2	1	0	9913.0
2	2	1	0	10156.0
1	2	1	0	14145.0
6	1	0	0	7548.0
5	1	1	0	9430.0
4	1	1	0	7558.0
3	1	1	0	8992.0
2	1	1	0	10530.0
1	1	1	0	10287.0
6	1	0	0	4849.0
5	1	0	0	6575.0
4	1	0	0	5417.0
3	1	0	0	6041.0
2	1	0	0	5501.0
1	1	0	0	6064.0
6	1	0	0	6555.0
5	1	1	0	10863.0
4	1	1	0	7982.0
3	1	1	0	10247.0
2	1	1	0	9277.0
1	1	1	0	11492.0
6	1	0	0	4999.0
5	1	1	0	8653.0
4	1	1	0	7030.0
3	1	1	0	9524.0
2	1	1	1	10497.0
1	1	1	1	11856.0
6	1	0	0	6254.0
5	1	0	1	8575.0
3	12	0	1	3543.0
2	12	0	1	9390.0
1	12	0	1	9270.0
6	12	0	0	7448.0
3	12	0	1	3951.0
2	12	0	1	11560.0
1	12	0	1	13124.0
6	12	0	0	9560.0
5	12	1	0	12183.0
4	12	1	0	11212.0
3	12	1	0	11988.0
2	12	1	0	14813.0
1	12	1	0	14966.0
6	12	0	0	9236.0
5	12	0	0	6522.0
4	12	0	0	6654.0
3	12	0	0	6858.0
2	12	0	0	7040.0
1	12	0	0	6614.0
6	12	0	0	8404.0
5	12	1	0	11086.0
4	12	1	0	9269.0
3	12	1	0	9890.0
2	12	1	0	11416.0
1	12	1	0	12848.0
6	11	0	0	8980.0
5	11	1	0	11461.0
4	11	1	0	8252.0
3	11	1	0	8840.0
2	11	1	0	9385.0
1	11	1	0	11740.0
6	11	0	0	6911.0
5	11	0	0	8287.0
4	11	0	0	5576.0
3	11	0	0	5440.0
2	11	0	0	5363.0
1	11	0	0	5948.0
6	11	0	0	6050.0
5	11	1	0	9753.0
4	11	1	0	8251.0
3	11	1	0	8771.0
2	11	1	0	9171.0
1	11	1	0	10625.0
6	11	0	0	6482.0
5	11	1	0	10127.0
4	11	1	0	9128.0
3	11	1	0	11245.0
2	11	1	0	11586.0
1	11	1	0	14224.0
5	10	0	0	9187.0
4	10	0	0	6349.0
3	10	0	0	5952.0
2	10	0	0	5502.0
1	10	0	0	5909.0
6	10	0	0	6685.0
5	10	1	0	9552.0
4	10	1	0	8181.0
3	10	1	0	8884.0
2	10	1	0	8778.0
1	10	1	0	11555.0
6	10	0	0	5529.0
5	10	0	1	7343.0
4	10	0	1	5144.0
3	10	0	1	6549.0
2	10	0	1	5962.0
1	10	0	1	5562.0
6	10	0	0	5583.0
5	10	1	1	9536.0
4	10	1	1	8464.0
3	10	1	1	8974.0
2	10	1	1	8797.0
1	10	1	1	10944.0
6	10	0	0	8623.0
4	10	1	0	9827.0
3	10	1	0	11406.0
2	9	1	0	10690.0
1	9	1	0	11277.0
6	9	0	0	5881.0
5	9	0	0	7302.0
4	9	0	0	5125.0
3	9	0	0	5845.0
2	9	0	0	5738.0
1	9	0	0	5401.0
6	9	0	0	5831.0
5	9	1	0	9740.0
4	9	1	0	9139.0
3	9	1	0	9157.0
2	9	1	0	9785.0
1	9	1	0	11675.0
6	9	0	0	5845.0
5	9	0	0	7506.0
4	9	0	0	6346.0
3	9	0	0	6908.0
2	9	0	0	5826.0
1	9	0	0	4910.0
6	9	0	0	5220.0
5	9	1	0	7639.0
4	9	1	0	8173.0
3	9	1	0	9289.0
2	9	1	0	10762.0
1	9	1	0	14292.0
6	8	0	0	6694.0
5	8	0	0	8714.0
4	8	0	0	6402.0
3	8	0	0	6191.0
2	8	0	0	5967.0
1	8	0	0	6136.0
6	8	0	0	5587.0
5	8	1	0	9172.0
4	8	1	0	8245.0
3	8	1	0	9459.0
2	8	1	1	11623.0
1	8	1	1	12859.0
6	8	0	0	5820.0
5	8	0	1	7885.0
4	8	0	1	6067.0
3	8	0	1	7048.0
2	8	0	1	5916.0
1	8	0	1	6348.0
6	8	0	0	5919.0
5	8	1	1	9404.0
4	8	1	1	7909.0
3	8	1	1	9888.0
2	8	1	1	10214.0
1	8	1	1	13802.0
6	8	0	0	6101.0
5	8	1	1	11496.0
4	7	1	1	10977.0
3	7	1	1	10223.0
2	7	1	1	9656.0
1	7	1	1	11542.0
6	7	0	0	5458.0
5	7	0	1	6366.0
4	7	0	1	5757.0
3	7	0	1	6930.0
2	7	0	1	6652.0
1	7	0	1	6278.0
6	7	0	0	5230.0
5	7	1	1	9073.0
4	7	1	1	7863.0
3	7	1	1	10882.0
2	7	1	1	10836.0
1	7	1	1	11796.0
6	7	0	0	5772.0
5	7	0	1	7810.0
4	7	0	1	6044.0
3	7	0	1	5955.0
2	7	0	1	5777.0
1	7	0	1	7694.0
6	7	0	0	6722.0
5	7	1	0	9651.0
4	7	1	0	9650.0
3	7	1	0	11123.0
2	7	1	0	12477.0
1	6	1	0	15353.0
6	6	0	0	6131.0
5	6	0	0	7647.0
4	6	0	0	5698.0
3	6	0	0	6864.0
2	6	0	0	5501.0
1	6	0	0	6457.0
6	6	0	0	5619.0
5	6	1	0	13133.0
3	6	1	0	10517.0
2	6	1	0	11633.0
1	6	1	0	13320.0
6	6	0	0	6842.0
5	6	0	0	8093.0
4	6	0	0	6779.0
3	6	0	0	7103.0
2	6	0	1	6853.0
6	6	0	0	6181.0
5	6	1	0	11131.0
4	6	1	0	9795.0
3	6	1	0	10035.0
2	6	1	0	11740.0
1	6	1	0	14242.0
6	5	0	0	6649.0
5	5	0	0	11298.0
3	5	0	0	7334.0
2	5	0	0	6213.0
1	5	0	0	6003.0
6	5	0	0	5792.0
5	5	1	0	10452.0
4	5	1	0	9000.0
3	5	1	0	9532.0
2	5	1	0	10428.0
1	5	1	0	12718.0
6	5	0	0	5858.0
5	5	0	0	8165.0
4	5	0	0	6110.0
3	5	0	0	6235.0
2	5	0	0	6429.0
1	5	0	0	5874.0
6	5	0	0	6137.0
5	5	1	0	10069.0
4	5	1	0	8351.0
3	5	1	0	9525.0
2	5	1	0	10596.0
1	5	1	0	11759.0
6	5	0	0	6803.0
5	5	1	0	13249.0
3	4	1	0	11882.0
2	4	1	0	10471.0
1	4	1	0	12590.0
6	4	0	0	5386.0
5	4	0	1	7122.0
4	4	0	1	5731.0
3	4	0	1	6459.0
2	4	0	1	6247.0
6	4	0	0	7966.0
4	4	1	1	8577.0
3	4	1	1	12301.0
2	4	1	1	11703.0
1	4	1	1	13328.0
6	4	0	0	6257.0
5	4	0	0	7784.0
4	4	0	0	6318.0
3	4	0	0	6766.0
2	4	0	0	5553.0
1	4	0	0	6292.0
6	4	0	0	6249.0
5	4	1	0	10931.0
4	4	1	0	9273.0
3	4	1	0	10421.0
2	4	1	0	10923.0
1	3	1	0	12658.0
6	3	0	0	5491.0
5	3	0	0	7271.0
4	3	0	0	5487.0
3	3	0	0	5737.0
2	3	0	0	5768.0
1	3	0	0	5462.0
6	3	0	0	5312.0
5	3	1	0	8779.0
4	3	1	0	8448.0
3	3	1	0	9618.0
2	3	1	0	9978.0
1	3	1	0	12205.0
6	3	0	0	6365.0
5	3	0	0	7189.0
4	3	0	0	5817.0
3	3	0	0	6124.0
2	3	0	0	5893.0
1	3	0	0	5940.0
6	3	0	0	6129.0
5	3	1	0	10506.0
4	3	1	0	9829.0
3	3	1	0	10564.0
2	3	1	0	12126.0
1	3	1	0	13529.0
6	3	0	0	6629.0
5	2	0	0	8650.0
4	2	0	0	5345.0
3	2	0	0	6268.0
2	2	0	0	5634.0
1	2	0	0	5969.0
6	2	0	0	5769.0
5	2	1	0	8818.0
4	2	1	0	7702.0
3	2	1	0	9351.0
2	2	1	0	9886.0
1	2	1	0	13282.0
6	2	0	0	5748.0
5	2	0	0	7891.0
4	2	0	0	5829.0
3	2	0	0	6378.0
2	2	0	0	4947.0
1	2	0	0	6465.0
6	2	0	0	5690.0
5	2	1	0	8752.0
4	2	1	0	9136.0
3	2	1	0	10842.0
2	2	1	0	12178.0
1	2	1	0	14688.0
6	2	0	0	6154.0
5	1	0	0	9200.0
4	1	0	0	5848.0
3	1	0	0	5695.0
2	1	0	0	5702.0
1	1	0	0	5405.0
6	1	0	0	5589.0
5	1	1	0	9703.0
4	1	1	0	7837.0
3	1	1	0	9985.0
2	1	1	0	10516.0
1	1	1	0	13380.0
6	1	0	0	6043.0
5	1	0	0	7090.0
4	1	0	0	5377.0
3	1	0	0	5964.0
2	1	0	0	5640.0
1	1	0	0	6029.0
6	1	0	0	5128.0
5	1	1	0	10357.0
4	1	1	0	7072.0
3	1	1	0	10265.0
2	1	1	1	10874.0
1	1	1	1	13744.0
6	1	0	0	6514.0
5	1	0	1	7765.0
4	1	0	1	6010.0
2	12	0	1	3617.0
1	12	0	1	9897.0
6	12	0	0	6173.0
5	12	0	1	8342.0
2	12	0	1	3286.0
1	12	0	1	14805.0
6	12	0	0	11521.0
5	12	1	0	13663.0
4	12	1	0	10873.0
3	12	1	0	15845.0
2	12	1	0	15442.0
1	12	1	0	19106.0
6	12	0	0	7779.0
5	12	0	0	9612.0
4	12	0	0	7048.0
3	12	0	0	7878.0
2	12	0	0	7025.0
1	12	0	0	7449.0
6	12	0	0	7803.0
5	12	1	0	9880.0
4	12	1	0	8448.0
3	12	1	0	10995.0
2	12	1	0	12389.0
1	12	1	0	14786.0
6	11	0	0	8414.0
5	11	0	0	8712.0
4	11	0	0	5905.0
3	11	0	0	6406.0
2	11	0	0	5484.0
1	11	0	0	6063.0
6	11	0	0	6951.0
5	11	1	0	9570.0
4	11	1	0	7184.0
3	11	1	0	9175.0
2	11	1	0	9688.0
1	11	1	0	11898.0
6	11	0	0	6378.0
5	11	0	0	6736.0
4	11	0	0	5581.0
3	11	0	0	6019.0
2	11	0	0	5478.0
1	11	0	0	5703.0
6	11	0	0	5474.0
5	11	1	0	9932.0
4	11	1	0	8517.0
3	11	1	0	10598.0
2	11	1	0	11675.0
1	11	1	0	12879.0
6	11	0	0	7381.0
4	10	0	1	7934.0
3	10	0	1	7839.0
2	10	0	1	5432.0
1	10	0	1	5355.0
6	10	0	0	5907.0
5	10	1	1	8672.0
4	10	1	1	7948.0
3	10	1	1	9613.0
2	10	1	1	8995.0
1	10	1	1	11978.0
6	10	0	0	5590.0
5	10	0	0	7046.0
4	10	0	0	5761.0
3	10	0	0	6336.0
2	10	0	0	6277.0
1	10	0	0	6508.0
6	10	0	0	6363.0
5	10	1	0	8950.0
4	10	1	0	8413.0
3	10	1	0	9714.0
2	10	1	0	10687.0
1	10	1	0	12031.0
6	10	0	0	6443.0
5	10	0	0	9011.0
3	10	0	0	7548.0
2	10	0	0	6838.0
1	9	0	0	7565.0
6	9	0	0	5630.0
5	9	1	0	9640.0
4	9	1	0	7994.0
3	9	1	0	8562.0
2	9	1	0	9137.0
1	9	1	0	11978.0
6	9	0	0	5616.0
5	9	0	0	6901.0
4	9	0	0	5475.0
3	9	0	0	5730.0
2	9	0	0	5969.0
1	9	0	0	6233.0
6	9	0	0	4861.0
5	9	1	0	10626.0
4	9	1	0	9689.0
3	9	1	0	10918.0
2	9	1	0	9753.0
1	9	1	0	14724.0
6	9	0	0	5848.0
5	9	0	0	7187.0
4	9	0	0	5863.0
3	9	0	0	7173.0
2	9	0	1	6288.0
1	9	0	1	5693.0
6	8	0	0	5148.0
5	8	1	1	8751.0
4	8	1	1	7797.0
3	8	1	1	8810.0
2	8	1	1	9209.0
1	8	1	1	12420.0
6	8	0	0	5009.0
5	8	0	1	6847.0
4	8	0	1	5585.0
3	8	0	1	6085.0
2	8	0	1	6450.0
1	8	0	1	5349.0
6	8	0	0	5658.0
5	8	1	1	10289.0
4	8	1	1	9116.0
3	8	1	1	10438.0
2	8	1	1	10267.0
1	8	1	1	15125.0
6	8	0	0	5075.0
5	8	0	1	7978.0
4	8	0	1	6521.0
3	8	0	1	7411.0
2	8	0	1	6647.0
1	8	0	1	6694.0
6	8	0	0	5839.0
5	8	1	1	8764.0
4	8	1	1	9497.0
3	7	1	1	12921.0
2	7	1	1	11552.0
1	7	1	1	13698.0
6	7	0	0	5028.0
5	7	0	1	7802.0
4	7	0	1	6119.0
3	7	0	1	6687.0
2	7	0	1	5791.0
1	7	0	1	6486.0
6	7	0	0	5474.0
5	7	1	0	10873.0
4	7	1	0	9530.0
3	7	1	0	11332.0
2	7	1	0	12614.0
1	7	1	0	14552.0
6	7	0	0	6194.0
5	7	0	0	7790.0
4	7	0	0	7287.0
3	7	0	0	7533.0
2	7	0	0	6233.0
1	7	0	0	6682.0
6	7	0	0	5484.0
5	7	1	0	9910.0
4	7	1	0	9507.0
3	7	1	0	10978.0
2	7	1	0	11832.0
1	7	1	0	13948.0
6	6	0	0	6698.0
5	6	0	0	8803.0
4	6	0	0	6344.0
3	6	0	0	6490.0
2	6	0	0	6169.0
1	6	0	0	5966.0
6	6	0	0	7732.0
5	6	1	0	15111.0
4	6	1	0	11523.0
3	6	1	0	13153.0
2	6	1	0	16483.0
1	6	1	0	23713.0
4	6	1	0	8609.0
3	6	1	0	10143.0
2	6	1	0	10074.0
1	6	1	0	11943.0
6	6	0	0	7578.0
5	5	1	0	14850.0
3	5	1	0	11979.0
2	5	1	0	9765.0
1	5	1	0	12521.0
6	5	0	0	5731.0
5	5	0	0	8121.0
4	5	0	0	6692.0
3	5	0	0	6915.0
2	5	0	1	7455.0
6	5	0	0	6626.0
5	5	1	0	10849.0
4	5	1	0	9509.0
3	5	1	0	10979.0
2	5	1	0	11746.0
1	5	1	0	11934.0
6	5	0	0	6300.0
5	5	0	0	10566.0
3	5	0	0	8545.0
2	5	0	0	7776.0
1	5	0	0	7999.0
6	5	0	0	7285.0
5	5	1	0	12302.0
4	5	1	0	11122.0
2	4	1	0	12392.0
1	4	1	0	10807.0
6	4	0	0	6095.0
5	4	1	0	9432.0
4	4	1	0	7671.0
3	4	1	0	9826.0
2	4	1	0	10391.0
1	4	1	0	12361.0
6	4	0	0	6030.0
5	4	0	0	7663.0
4	4	0	0	6070.0
3	4	0	0	6090.0
2	4	0	0	6218.0
1	4	0	0	5849.0
6	4	0	0	5601.0
5	4	1	0	10222.0
4	4	1	0	8418.0
3	4	1	0	9192.0
2	4	1	0	9949.0
1	4	1	0	11076.0
6	4	0	0	6256.0
5	4	0	1	8597.0
4	4	0	1	6948.0
3	4	0	1	7254.0
2	4	0	1	7248.0
6	3	0	0	8730.0
4	3	1	1	10887.0
3	3	1	1	13591.0
2	3	1	1	9873.0
1	3	1	1	12082.0
6	3	0	0	6029.0
5	3	1	0	10010.0
4	3	1	0	8653.0
3	3	1	0	10121.0
2	3	1	0	10815.0
1	3	1	0	13920.0
6	3	0	0	6776.0
5	3	0	0	7611.0
4	3	0	0	6421.0
3	3	0	0	6432.0
2	3	0	0	5494.0
1	3	0	0	5523.0
6	3	0	0	5355.0
5	3	1	0	10701.0
4	3	1	0	9459.0
3	3	1	0	10425.0
2	3	1	0	10294.0
1	3	1	0	13451.0
6	3	0	0	7205.0
5	3	0	0	8797.0
4	2	0	0	7292.0
3	2	0	0	6498.0
2	2	0	0	6112.0
1	2	0	0	5457.0
6	2	0	0	5955.0
5	2	1	0	9558.0
4	2	1	0	8284.0
3	2	1	0	10668.0
2	2	1	0	9119.0
1	2	1	0	13713.0
6	2	0	0	6187.0
5	2	0	0	7508.0
4	2	0	0	6812.0
3	2	0	0	6221.0
2	2	0	0	6296.0
1	2	0	0	5941.0
6	2	0	0	5520.0
5	2	1	0	10182.0
4	2	1	0	8355.0
3	2	1	0	11173.0
2	2	1	0	11740.0
1	2	1	0	14223.0
6	2	0	0	7316.0
5	2	0	0	8442.0
4	1	0	0	6954.0
3	1	0	0	6424.0
2	1	0	0	5388.0
1	1	0	0	5729.0
6	1	0	0	6270.0
5	1	1	0	10758.0
4	1	1	0	7943.0
3	1	1	0	10099.0
2	1	1	0	10323.0
1	1	1	0	7012.0
6	1	0	0	5996.0
5	1	0	0	7710.0
4	1	0	0	5979.0
3	1	0	0	5450.0
2	1	0	0	4981.0
1	1	0	0	5190.0
6	1	0	0	6217.0
5	1	1	0	10205.0
4	1	1	0	8505.0
3	1	1	0	8990.0
2	1	1	0	10593.0
1	1	1	0	12983.0
6	1	0	0	5860.0
5	1	0	1	7813.0
4	1	0	1	5859.0
3	1	0	1	7927.0
