5	7	1	1	5618.0
4	7	1	1	4911.0
3	7	1	1	4746.0
2	7	1	1	4865.0
1	7	1	1	6639.0
6	7	0	0	1943.0
5	7	0	0	3914.0
4	7	0	0	3316.0
3	7	0	0	3244.0
2	7	0	0	3852.0
1	7	0	0	3767.0
6	7	0	0	2201.0
5	7	1	0	4312.0
4	7	1	0	4874.0
3	7	1	0	5030.0
2	7	1	0	4614.0
1	7	1	0	6230.0
6	7	0	0	1804.0
5	7	0	0	3179.0
4	7	0	0	3353.0
3	7	0	0	3223.0
2	7	0	0	2835.0
1	7	0	0	3320.0
6	7	0	0	2018.0
5	7	1	0	4391.0
4	7	1	0	3907.0
3	7	1	0	4062.0
2	6	1	0	9240.0
1	6	1	0	7811.0
6	6	0	0	1961.0
5	6	0	0	3167.0
4	6	0	0	3028.0
3	6	0	0	2579.0
2	6	0	0	3210.0
1	6	0	0	3281.0
6	6	0	0	2271.0
5	6	1	0	4966.0
4	6	1	0	4942.0
3	6	1	0	5065.0
2	6	1	0	5575.0
1	6	1	0	7227.0
6	6	0	0	2298.0
5	6	0	0	3124.0
4	6	0	0	3466.0
3	6	0	0	2837.0
2	6	0	0	3292.0
1	6	0	0	3997.0
6	6	0	0	2497.0
5	6	1	0	5668.0
3	6	1	0	6001.0
2	6	1	0	5985.0
1	6	1	0	7507.0
6	5	0	0	2866.0
5	5	0	0	3920.0
4	5	0	0	3357.0
3	5	0	0	3660.0
2	5	0	0	3694.0
6	5	0	0	2401.0
5	5	1	0	4950.0
4	5	1	0	4584.0
3	5	1	0	4776.0
2	5	1	0	4932.0
1	5	1	0	6229.0
6	5	0	0	2370.0
5	5	0	0	4603.0
3	5	0	0	4182.0
2	5	0	0	3108.0
1	5	0	0	3337.0
6	5	0	0	2285.0
5	5	1	0	4496.0
4	5	1	0	4624.0
3	5	1	0	4552.0
2	5	1	0	5032.0
1	5	1	0	6323.0
6	5	0	0	2815.0
4	4	1	0	7170.0
3	4	1	0	5669.0
2	4	1	0	5994.0
1	4	1	0	6747.0
6	4	0	0	1966.0
5	4	0	0	3387.0
4	4	0	0	2932.0
3	4	0	0	3249.0
2	4	0	0	3592.0
1	4	0	0	3324.0
6	4	0	0	2091.0
5	4	1	0	5237.0
4	4	1	0	4923.0
3	4	1	0	4607.0
2	4	1	0	5277.0
1	4	1	0	7373.0
6	4	0	0	2148.0
5	4	0	1	3233.0
4	4	0	1	3638.0
3	4	0	1	3550.0
2	4	0	1	3596.0
6	4	0	1	3641.0
4	4	1	1	5685.0
3	4	1	1	4997.0
2	3	1	1	8468.0
1	3	1	1	8574.0
6	3	0	0	2148.0
5	3	0	0	3460.0
4	3	0	0	2898.0
3	3	0	0	3080.0
2	3	0	0	2845.0
1	3	0	0	3724.0
6	3	0	0	1840.0
5	3	1	0	4878.0
4	3	1	0	4761.0
3	3	1	0	4303.0
2	3	1	0	5138.0
1	3	1	0	7067.0
6	3	0	0	2295.0
5	3	0	0	3567.0
4	3	0	0	3285.0
3	3	0	0	3391.0
2	3	0	0	2921.0
1	3	0	0	3127.0
6	3	0	0	2165.0
5	3	1	0	5467.0
4	3	1	0	4988.0
3	3	1	0	4493.0
2	3	1	0	5599.0
1	3	1	0	7092.0
6	2	0	0	2602.0
5	2	0	0	3896.0
4	2	0	0	3036.0
3	2	0	0	3156.0
2	2	0	0	3278.0
1	2	0	0	2532.0
6	2	0	0	1646.0
5	2	1	0	5006.0
4	2	1	0	4390.0
3	2	1	0	5163.0
2	2	1	0	4767.0
1	2	1	0	6411.0
6	2	0	0	2298.0
5	2	0	0	3682.0
4	2	0	0	2664.0
3	2	0	0	3273.0
2	2	0	0	2979.0
1	2	0	0	3642.0
6	2	0	0	1887.0
5	2	1	0	4940.0
4	2	1	0	5246.0
3	2	1	0	4030.0
2	2	1	0	4908.0
1	2	1	0	6568.0
6	1	0	0	2076.0
5	1	1	0	5243.0
4	1	1	0	5082.0
3	1	1	0	4431.0
2	1	1	0	5182.0
1	1	1	0	5611.0
6	1	0	0	1680.0
5	1	0	0	3180.0
4	1	0	0	2880.0
3	1	0	0	2584.0
2	1	0	0	2723.0
1	1	0	0	3409.0
6	1	0	0	2061.0
5	1	1	0	4979.0
4	1	1	0	4873.0
3	1	1	0	4109.0
2	1	1	0	4659.0
1	1	1	0	5761.0
6	1	0	0	2072.0
5	1	1	1	4881.0
4	1	1	1	4440.0
3	1	1	1	4387.0
2	1	1	1	5252.0
1	1	1	1	6125.0
6	1	0	1	1549.0
5	1	0	1	2826.0
3	12	0	1	2892.0
2	12	0	1	5470.0
1	12	0	1	5132.0
6	12	0	1	2170.0
3	12	0	1	3875.0
2	12	0	1	6764.0
1	12	0	1	6669.0
6	12	0	0	3980.0
5	12	1	0	5928.0
4	12	1	0	5708.0
3	12	1	0	6046.0
2	12	1	0	6915.0
1	12	1	0	10024.0
6	12	0	0	2963.0
5	12	0	0	3799.0
4	12	0	0	3424.0
3	12	0	0	3359.0
2	12	0	0	3241.0
1	12	0	0	3468.0
6	12	0	0	2896.0
5	12	1	0	5771.0
4	12	1	0	5005.0
3	12	1	0	5728.0
2	12	1	0	5349.0
1	12	1	0	6890.0
6	11	0	0	3468.0
5	11	1	0	6230.0
4	11	1	0	4972.0
3	11	1	0	4217.0
2	11	1	0	5138.0
1	11	1	0	6273.0
6	11	0	0	1910.0
5	11	0	0	3443.0
4	11	0	0	3657.0
3	11	0	0	2916.0
2	11	0	0	3038.0
1	11	0	0	3654.0
6	11	0	0	2101.0
5	11	1	0	4532.0
4	11	1	0	4615.0
3	11	1	0	4649.0
2	11	1	0	4718.0
1	11	1	0	5585.0
6	11	0	0	2314.0
5	11	1	0	5491.0
4	11	1	0	4796.0
3	11	1	0	5220.0
2	11	1	0	5172.0
1	11	1	0	6695.0
6	11	0	0	1872.0
5	10	0	1	4215.0
4	10	0	1	3747.0
3	10	0	1	3081.0
2	10	0	1	2426.0
1	10	0	1	3249.0
6	10	0	1	1905.0
5	10	1	1	4793.0
4	10	1	1	4478.0
3	10	1	1	4367.0
2	10	1	1	4417.0
1	10	1	1	6071.0
6	10	0	0	1708.0
5	10	0	0	3542.0
4	10	0	0	3284.0
3	10	0	0	3351.0
2	10	0	0	3139.0
1	10	0	0	3681.0
6	10	0	0	2117.0
5	10	1	0	5040.0
4	10	1	0	5194.0
3	10	1	0	4539.0
2	10	1	0	4939.0
1	10	1	0	6202.0
6	10	0	0	2898.0
4	10	1	0	6097.0
3	10	1	0	3961.0
2	9	1	0	7211.0
1	9	1	0	7115.0
6	9	0	0	1782.0
5	9	0	0	3021.0
4	9	0	0	2645.0
3	9	0	0	2601.0
2	9	0	0	2691.0
1	9	0	0	3139.0
6	9	0	0	1771.0
5	9	1	0	4827.0
4	9	1	0	4485.0
3	9	1	0	4027.0
2	9	1	0	5443.0
1	9	1	0	7318.0
6	9	0	0	1715.0
5	9	0	0	3292.0
4	9	0	0	2761.0
3	9	0	0	3029.0
2	9	0	0	2714.0
1	9	0	0	2946.0
6	9	0	0	1758.0
5	9	1	1	4555.0
4	9	1	1	4220.0
3	9	1	1	4867.0
2	9	1	1	5537.0
1	9	1	1	6845.0
6	8	0	1	1920.0
5	8	0	1	3864.0
4	8	0	1	2616.0
3	8	0	1	2670.0
2	8	0	1	2785.0
1	8	0	1	3080.0
6	8	0	1	1731.0
5	8	1	1	4345.0
4	8	1	1	4624.0
3	8	1	1	4515.0
2	8	1	1	4522.0
1	8	1	1	6838.0
6	8	0	1	2090.0
5	8	0	1	3542.0
4	8	0	1	3281.0
3	8	0	1	3241.0
2	8	0	1	3159.0
1	8	0	1	3396.0
6	8	0	1	1970.0
5	8	1	1	4201.0
4	8	1	1	4411.0
3	8	1	1	4878.0
2	8	1	1	4953.0
1	8	1	1	6662.0
6	8	0	1	2282.0
5	8	1	1	5303.0
4	7	1	0	5013.0
3	7	1	1	4636.0
2	7	1	1	4826.0
1	7	1	1	6330.0
6	7	0	0	2087.0
5	7	0	0	3666.0
4	7	0	0	3086.0
3	7	0	0	3175.0
2	7	0	0	2584.0
1	7	0	0	4083.0
6	7	0	0	2239.0
5	7	1	0	5106.0
4	7	1	0	4935.0
3	7	1	0	5008.0
2	7	1	0	5271.0
1	7	1	0	6502.0
6	7	0	0	2368.0
5	7	0	0	3268.0
4	7	0	0	3269.0
3	7	0	0	2666.0
2	7	0	0	2879.0
1	7	0	0	3536.0
6	7	0	0	1831.0
5	7	1	0	4878.0
4	7	1	0	4485.0
3	7	1	0	5297.0
2	7	1	0	4692.0
1	6	1	0	10766.0
6	6	0	0	2166.0
5	6	0	0	3344.0
4	6	0	0	2753.0
3	6	0	0	3392.0
2	6	0	0	3047.0
1	6	0	0	3321.0
6	6	0	0	1990.0
5	6	1	0	6200.0
3	6	1	0	5853.0
2	6	1	0	5404.0
1	6	1	0	7409.0
6	6	0	0	2298.0
5	6	0	0	3899.0
4	6	0	0	3091.0
3	6	0	0	3078.0
2	6	0	0	3614.0
6	6	0	0	2444.0
5	6	1	0	5252.0
4	6	1	0	5430.0
3	6	1	0	4849.0
2	6	1	0	5231.0
1	6	1	0	8579.0
6	5	0	0	2343.0
5	5	0	0	4771.0
3	5	0	0	4125.0
2	5	0	0	3257.0
1	5	0	0	2836.0
6	5	0	0	2121.0
5	5	1	0	4857.0
4	5	1	0	3888.0
3	5	1	0	4262.0
2	5	1	0	5050.0
1	5	1	0	6886.0
6	5	0	0	1966.0
5	5	0	0	3385.0
4	5	0	0	3636.0
3	5	0	0	3353.0
2	5	0	0	2854.0
1	5	0	0	3654.0
6	5	0	0	2492.0
5	5	1	0	5490.0
4	5	1	0	4844.0
3	5	1	0	5418.0
2	5	1	0	5102.0
1	5	1	0	6156.0
6	5	0	0	2251.0
5	5	1	0	7195.0
3	4	1	0	7159.0
2	4	1	0	4946.0
1	4	1	0	6586.0
6	4	0	0	2005.0
5	4	0	1	3404.0
4	4	0	1	3199.0
3	4	0	1	3263.0
2	4	0	1	3742.0
6	4	0	1	3574.0
4	4	1	1	5864.0
3	4	1	1	5988.0
2	4	1	1	6986.0
1	4	1	1	7928.0
6	4	0	0	2078.0
5	4	0	0	3551.0
4	4	0	0	3766.0
3	4	0	0	3279.0
2	4	0	0	3209.0
1	4	0	0	3422.0
6	4	0	0	2052.0
5	4	1	0	5097.0
4	4	1	0	4858.0
3	4	1	0	5404.0
2	4	1	0	4563.0
1	3	1	0	9688.0
6	3	0	0	2157.0
5	3	0	0	3913.0
4	3	0	0	2996.0
3	3	0	0	3544.0
2	3	0	0	3164.0
1	3	0	0	3362.0
6	3	0	0	1928.0
5	3	1	0	4955.0
4	3	1	0	4375.0
3	3	1	0	4603.0
2	3	1	0	5450.0
1	3	1	0	7874.0
6	3	0	0	2031.0
5	3	0	0	3188.0
4	3	0	0	2974.0
3	3	0	0	3273.0
2	3	0	0	3579.0
1	3	0	0	3189.0
6	3	0	0	2126.0
5	3	1	0	5510.0
4	3	1	0	5221.0
3	3	1	0	5740.0
2	3	1	0	5649.0
1	3	1	0	8078.0
6	3	0	0	2680.0
5	2	0	0	4053.0
4	2	0	0	2869.0
3	2	0	0	2632.0
2	2	0	0	2455.0
1	2	0	0	3038.0
6	2	0	0	1777.0
5	2	1	0	4986.0
4	2	1	0	4036.0
3	2	1	0	4793.0
2	2	1	0	5570.0
1	2	1	0	6769.0
6	2	0	0	2440.0
5	2	0	0	3206.0
4	2	0	0	3657.0
3	2	0	0	3365.0
2	2	0	0	3323.0
1	2	0	0	3258.0
6	2	0	0	1886.0
5	2	1	0	4943.0
4	2	1	0	4806.0
3	2	1	0	5343.0
2	2	1	0	6724.0
1	2	1	0	7616.0
6	2	0	0	2382.0
5	1	0	0	4196.0
4	1	0	0	3115.0
3	1	0	0	2915.0
2	1	0	0	3081.0
1	1	0	0	2830.0
6	1	0	0	1824.0
5	1	1	0	5633.0
4	1	1	0	4388.0
3	1	1	0	4718.0
2	1	1	0	5588.0
1	1	1	0	7704.0
6	1	0	0	1972.0
5	1	0	0	3408.0
4	1	0	0	3254.0
3	1	0	0	3300.0
2	1	0	0	3038.0
1	1	0	0	2953.0
6	1	0	0	1824.0
5	1	1	1	5093.0
4	1	1	1	4758.0
3	1	1	1	4838.0
2	1	1	1	6197.0
1	1	1	1	7212.0
6	1	0	1	2160.0
5	1	0	1	3887.0
4	1	0	1	3274.0
2	12	0	1	3146.0
1	12	0	1	5948.0
6	12	0	1	2747.0
5	12	0	1	3997.0
2	12	0	1	3382.0
1	12	0	1	7753.0
6	12	0	0	4218.0
5	12	1	0	7666.0
4	12	1	0	6644.0
3	12	1	0	6835.0
2	12	1	0	7760.0
1	12	1	0	9260.0
6	12	0	0	3057.0
5	12	0	0	4192.0
4	12	0	0	4059.0
3	12	0	0	3759.0
2	12	0	0	3600.0
1	12	0	0	3735.0
6	12	0	0	2962.0
5	12	1	0	5177.0
4	12	1	0	6354.0
3	12	1	0	5575.0
2	12	1	0	7038.0
1	12	1	0	8098.0
6	11	0	0	3410.0
5	11	0	0	4282.0
4	11	0	0	3439.0
3	11	0	0	3299.0
2	11	0	0	3278.0
1	11	0	0	3366.0
6	11	0	0	2405.0
5	11	1	0	5098.0
4	11	1	0	4224.0
3	11	1	0	4365.0
2	11	1	0	5428.0
1	11	1	0	7321.0
6	11	0	0	1984.0
5	11	0	0	3838.0
4	11	0	0	2975.0
3	11	0	0	3390.0
2	11	0	0	7903.0
1	11	0	0	5638.0
6	11	0	0	2175.0
5	11	1	0	5286.0
4	11	1	0	4666.0
3	11	1	0	4529.0
2	11	1	0	5667.0
1	11	1	0	6644.0
6	11	0	0	2500.0
5	11	0	0	4195.0
4	10	0	0	4706.0
3	10	0	0	5738.0
2	10	0	0	3031.0
1	10	0	0	3380.0
6	10	0	0	2024.0
5	10	1	1	5276.0
4	10	1	1	4161.0
3	10	1	1	4383.0
2	10	1	1	4604.0
1	10	1	1	6593.0
6	10	0	1	1680.0
5	10	0	1	3277.0
4	10	0	1	2893.0
3	10	0	1	2949.0
2	10	0	1	2506.0
1	10	0	1	3541.0
6	10	0	0	2411.0
5	10	1	0	5580.0
4	10	1	0	6452.0
3	10	1	0	4778.0
2	10	1	0	5436.0
1	10	1	0	8405.0
6	10	0	0	1964.0
5	10	0	0	4598.0
3	10	0	0	3806.0
2	10	0	0	3297.0
1	9	0	0	4653.0
6	9	0	0	2455.0
5	9	1	0	5079.0
4	9	1	0	5618.0
3	9	1	0	4872.0
2	9	1	0	6562.0
1	9	1	0	6802.0
6	9	0	0	1860.0
5	9	0	0	3656.0
4	9	0	0	3582.0
3	9	0	0	3217.0
2	9	0	0	4984.0
1	9	0	0	2894.0
6	9	0	0	1804.0
5	9	1	0	5061.0
4	9	1	0	5160.0
3	9	1	0	5560.0
2	9	1	0	5577.0
1	9	1	0	7540.0
6	9	0	0	2082.0
5	9	0	0	2857.0
4	9	0	0	3050.0
3	9	0	0	2967.0
2	9	0	0	3239.0
1	9	0	0	3727.0
6	8	0	0	1975.0
5	8	1	0	6310.0
4	8	1	0	4881.0
3	8	1	0	4938.0
2	8	1	0	4652.0
1	8	1	0	6676.0
6	8	0	0	1979.0
5	8	0	0	2993.0
4	8	0	0	3150.0
3	8	0	0	3290.0
2	8	0	0	3814.0
1	8	0	0	4090.0
6	8	0	0	2176.0
5	8	1	1	5961.0
4	8	1	1	5152.0
3	8	1	1	5561.0
2	8	1	1	6415.0
1	8	1	1	8506.0
6	8	0	1	2186.0
5	8	0	1	3886.0
4	8	0	1	3735.0
3	8	0	1	3358.0
2	8	0	1	3344.0
1	8	0	1	3404.0
6	8	0	1	2422.0
5	8	1	1	5564.0
4	8	1	1	5284.0
3	7	1	1	6566.0
2	7	1	1	6870.0
1	7	1	1	7164.0
6	7	0	1	2125.0
5	7	0	1	3290.0
4	7	0	1	3209.0
3	7	0	1	3275.0
2	7	0	1	2602.0
1	7	0	1	3157.0
6	7	0	1	2085.0
5	7	1	1	6050.0
4	7	1	1	5119.0
3	7	1	1	5508.0
2	7	1	1	6535.0
1	7	1	1	6796.0
6	7	0	1	3013.0
5	7	0	1	3453.0
4	7	0	1	3528.0
3	7	0	1	3370.0
2	7	0	1	3349.0
1	7	0	1	3251.0
6	7	0	1	2339.0
5	7	1	0	6092.0
4	7	1	0	6575.0
3	7	1	0	5813.0
2	7	1	0	5748.0
1	7	1	0	5963.0
6	6	0	0	3071.0
5	6	0	0	4600.0
4	6	0	0	3888.0
3	6	0	0	3746.0
2	6	0	0	3664.0
1	6	0	0	4002.0
6	6	0	0	2273.0
5	6	1	0	5792.0
4	6	1	0	4951.0
3	6	1	0	4480.0
2	6	1	0	5164.0
1	6	1	0	6086.0
6	6	0	0	2478.0
5	6	0	0	4083.0
4	6	0	0	3202.0
3	6	0	0	3665.0
2	6	0	0	2957.0
1	6	0	0	3906.0
6	6	0	0	2226.0
5	6	1	0	5266.0
4	6	1	0	4079.0
3	6	1	0	4479.0
2	6	1	0	5794.0
1	6	1	0	6498.0
6	6	0	0	2429.0
5	5	1	0	7417.0
3	5	1	0	6219.0
2	5	1	0	5866.0
1	5	1	0	6480.0
6	5	0	0	2093.0
5	5	0	0	3534.0
4	5	0	0	2857.0
3	5	0	0	3531.0
2	5	0	0	4243.0
6	5	0	0	2281.0
5	5	1	0	5733.0
4	5	1	0	4850.0
3	5	1	0	4945.0
2	5	1	0	5830.0
1	5	1	0	6610.0
6	5	0	0	2339.0
5	5	0	0	5076.0
3	5	0	0	3948.0
2	5	0	0	3936.0
1	5	0	0	3536.0
6	5	0	0	2791.0
5	5	1	0	6915.0
4	5	1	0	6464.0
2	4	1	0	6231.0
1	4	1	0	6086.0
6	4	0	0	2271.0
5	4	1	0	5462.0
4	4	1	0	4251.0
3	4	1	0	4915.0
2	4	1	0	5440.0
1	4	1	0	5930.0
6	4	0	0	2471.0
5	4	0	0	3650.0
4	4	0	0	3254.0
3	4	0	0	3202.0
2	4	0	0	3073.0
1	4	0	0	3332.0
6	4	0	0	2342.0
5	4	1	0	5678.0
4	4	1	0	5278.0
3	4	1	0	5027.0
2	4	1	0	6264.0
1	4	1	0	6693.0
6	4	0	0	2300.0
5	4	0	1	3554.0
4	4	0	1	3514.0
3	4	0	1	3025.0
2	4	0	1	3498.0
6	3	0	0	4403.0
4	3	1	1	7260.0
3	3	1	1	6580.0
2	3	1	1	6040.0
1	3	1	1	6073.0
6	3	0	0	2232.0
5	3	1	0	5416.0
4	3	1	0	5351.0
3	3	1	0	4435.0
2	3	1	0	6849.0
1	3	1	0	7178.0
6	3	0	0	2271.0
5	3	0	0	4143.0
4	3	0	0	3317.0
3	3	0	0	3112.0
2	3	0	0	2147.0
1	3	0	0	2942.0
6	3	0	0	2221.0
5	3	1	0	5938.0
4	3	1	0	5033.0
3	3	1	0	5920.0
2	3	1	0	5719.0
1	3	1	0	6882.0
6	3	0	0	2516.0
5	3	0	0	3957.0
4	2	0	0	3758.0
3	2	0	0	2823.0
2	2	0	0	3265.0
1	2	0	0	3308.0
6	2	0	0	2228.0
5	2	1	0	5241.0
4	2	1	0	5345.0
3	2	1	0	4898.0
2	2	1	0	5532.0
1	2	1	0	6192.0
6	2	0	0	2309.0
5	2	0	0	3826.0
4	2	0	0	3418.0
3	2	0	0	3964.0
2	2	0	0	3002.0
1	2	0	0	3222.0
6	2	0	0	2446.0
5	2	1	0	5180.0
4	2	1	0	5448.0
3	2	1	0	5392.0
2	2	1	0	6164.0
1	2	1	0	6599.0
6	2	0	0	2438.0
5	2	0	0	4299.0
4	1	0	0	3678.0
3	1	0	0	3410.0
2	1	0	0	3114.0
1	1	0	0	3123.0
6	1	0	0	1966.0
5	1	1	0	5134.0
4	1	1	0	4730.0
3	1	1	0	4700.0
2	1	1	0	5306.0
1	1	1	0	3705.0
6	1	0	0	2441.0
5	1	0	0	3588.0
4	1	0	0	2766.0
3	1	0	0	2837.0
2	1	0	0	3317.0
1	1	0	0	3193.0
6	1	0	0	2127.0
5	1	1	1	5871.0
4	1	1	1	5264.0
3	1	1	1	5481.0
2	1	1	1	5591.0
1	1	1	1	7027.0
6	1	0	1	2323.0
5	1	0	1	4142.0
4	1	0	1	3349.0
3	1	0	1	3564.0
