5	7	1	1	11718.0
4	7	1	1	10626.0
3	7	1	1	11297.0
2	7	1	1	12067.0
1	7	1	1	12754.0
6	7	0	0	8096.0
5	7	0	0	6726.0
4	7	0	0	7046.0
3	7	0	0	6533.0
2	7	0	0	6975.0
1	7	0	0	7480.0
6	7	0	0	7931.0
5	7	1	0	8807.0
4	7	1	0	9898.0
3	7	1	0	10528.0
2	7	1	0	12581.0
1	7	1	0	12219.0
6	7	0	0	7526.0
5	7	0	0	6955.0
4	7	0	0	7088.0
3	7	0	0	6943.0
2	7	0	0	6353.0
1	7	0	0	6829.0
6	7	0	0	5836.0
5	7	1	0	8329.0
4	7	1	0	9489.0
3	7	1	0	10367.0
2	6	1	0	14220.0
1	6	1	0	13920.0
6	6	0	0	7770.0
5	6	0	0	6664.0
4	6	0	0	6315.0
3	6	0	0	5706.0
2	6	0	0	6301.0
1	6	0	0	5378.0
6	6	0	0	6749.0
5	6	1	0	8717.0
4	6	1	0	9174.0
3	6	1	0	9829.0
2	6	1	0	12597.0
1	6	1	0	12825.0
6	6	0	0	8118.0
5	6	0	0	5978.0
4	6	0	0	6696.0
3	6	0	0	6613.0
2	6	0	0	7107.0
1	6	0	0	7553.0
6	6	0	0	7269.0
5	6	1	0	12135.0
3	6	1	0	11856.0
2	6	1	0	14729.0
1	6	1	0	11990.0
6	5	0	0	9658.0
5	5	0	0	8148.0
4	5	0	0	7598.0
3	5	0	0	6626.0
2	5	0	0	7040.0
6	5	0	0	7414.0
5	5	1	0	8680.0
4	5	1	0	9850.0
3	5	1	0	9576.0
2	5	1	0	10662.0
1	5	1	0	12319.0
6	5	0	0	8273.0
5	5	0	0	9688.0
3	5	0	0	7752.0
2	5	0	0	6725.0
1	5	0	0	6780.0
6	5	0	0	8733.0
5	5	1	0	9773.0
4	5	1	0	10395.0
3	5	1	0	10464.0
2	5	1	0	11451.0
1	5	1	0	11495.0
6	5	0	0	10847.0
4	4	1	0	11625.0
3	4	1	0	11384.0
2	4	1	0	12675.0
1	4	1	0	10863.0
6	4	0	0	7288.0
5	4	0	0	5999.0
4	4	0	0	5958.0
3	4	0	0	6551.0
2	4	0	0	6640.0
1	4	0	0	6858.0
6	4	0	0	8503.0
5	4	1	0	10041.0
4	4	1	0	9314.0
3	4	1	0	10108.0
2	4	1	0	12011.0
1	4	1	0	12939.0
6	4	0	0	7475.0
5	4	0	1	7343.0
4	4	0	1	6616.0
3	4	0	1	6936.0
2	4	0	1	8620.0
6	4	0	0	8725.0
4	4	1	1	11606.0
3	4	1	1	12732.0
2	3	1	1	12751.0
1	3	1	1	12721.0
6	3	0	0	8290.0
5	3	0	1	7137.0
4	3	0	1	6155.0
3	3	0	0	5957.0
2	3	0	0	6127.0
1	3	0	0	6516.0
6	3	0	0	6949.0
5	3	1	0	9191.0
4	3	1	0	9765.0
3	3	1	0	9448.0
2	3	1	0	11481.0
1	3	1	0	12678.0
6	3	0	0	7522.0
5	3	0	0	5967.0
4	3	0	0	6092.0
3	3	0	0	6203.0
2	3	0	0	6218.0
1	3	0	0	6500.0
6	3	0	0	8423.0
5	3	1	0	9405.0
4	3	1	0	9773.0
3	3	1	0	10168.0
2	3	1	0	12318.0
1	3	1	0	12932.0
6	2	0	0	10009.0
5	2	0	0	6621.0
4	2	0	0	6496.0
3	2	0	0	6170.0
2	2	0	0	6339.0
1	2	0	0	5242.0
6	2	0	0	7597.0
5	2	1	0	10323.0
4	2	1	0	10434.0
3	2	1	0	12033.0
2	2	1	0	4966.0
6	2	0	0	2988.0
5	2	0	0	7092.0
4	2	0	0	5668.0
3	2	0	0	4814.0
2	2	0	0	6542.0
1	2	0	0	6048.0
6	2	0	0	7960.0
5	2	1	0	9083.0
4	2	1	0	8206.0
3	2	1	0	9169.0
2	2	1	0	11020.0
1	2	1	0	11286.0
6	1	0	0	8625.0
5	1	1	0	10460.0
4	1	1	0	8922.0
3	1	1	0	9745.0
2	1	1	0	10209.0
1	1	1	0	9638.0
6	1	0	0	6641.0
5	1	0	0	6006.0
4	1	0	0	5347.0
3	1	0	0	5280.0
2	1	0	0	5147.0
1	1	0	0	6163.0
6	1	0	0	8001.0
5	1	1	0	7711.0
4	1	1	0	8517.0
3	1	1	0	8248.0
2	1	1	0	10398.0
1	1	1	0	10300.0
6	1	0	0	7606.0
5	1	1	0	8678.0
4	1	1	0	7458.0
3	1	1	1	9983.0
2	1	1	1	10130.0
1	1	1	1	13393.0
6	1	0	0	6494.0
5	1	0	1	7145.0
3	12	0	1	3690.0
2	12	0	1	9340.0
1	12	0	1	8167.0
6	12	0	0	5607.0
3	12	0	1	3875.0
2	12	0	1	10775.0
1	12	0	1	12752.0
6	12	0	0	10645.0
5	12	1	0	11387.0
4	12	1	0	12113.0
3	12	1	0	11883.0
2	12	1	0	15909.0
1	12	1	0	15146.0
6	12	0	0	10383.0
5	12	0	0	7973.0
4	12	0	0	6261.0
3	12	0	0	7029.0
2	12	0	0	7015.0
1	12	0	0	7479.0
6	12	0	0	9975.0
5	12	1	0	12075.0
4	12	1	0	11084.0
3	12	1	0	13205.0
2	12	1	0	13246.0
1	12	1	0	14533.0
6	11	0	0	10333.0
5	11	1	0	11235.0
4	11	1	0	10007.0
3	11	1	0	10044.0
2	11	1	0	11894.0
1	11	1	0	12147.0
6	11	0	0	8683.0
5	11	0	0	7485.0
4	11	0	0	6607.0
3	11	0	0	6838.0
2	11	0	0	6822.0
1	11	0	0	6815.0
6	11	0	0	9106.0
5	11	1	0	9581.0
4	11	1	0	10095.0
3	11	1	0	9211.0
2	11	1	0	10227.0
1	11	1	0	10987.0
6	11	0	0	8931.0
5	11	1	0	9735.0
4	11	1	0	10851.0
3	11	1	0	10798.0
2	11	1	0	12731.0
1	11	1	0	13583.0
5	10	0	1	8597.0
4	10	0	1	7536.0
3	10	0	1	7159.0
2	10	0	1	6575.0
1	10	0	1	6532.0
6	10	0	0	7509.0
5	10	1	1	9166.0
4	10	1	1	9377.0
3	10	1	1	8693.0
2	10	1	1	9695.0
1	10	1	1	11097.0
6	10	0	0	7489.0
5	10	0	0	6890.0
4	10	0	0	6260.0
3	10	0	0	6432.0
2	10	0	0	7006.0
1	10	0	0	6921.0
6	10	0	0	7450.0
5	10	1	0	9190.0
4	10	1	0	8915.0
3	10	1	0	8663.0
2	10	1	0	10126.0
1	10	1	0	11604.0
6	10	0	0	9368.0
4	10	1	0	9769.0
3	10	1	0	9780.0
2	9	1	0	11837.0
1	9	1	0	10977.0
6	9	0	0	6885.0
5	9	0	0	5603.0
4	9	0	0	5885.0
3	9	0	0	5493.0
2	9	0	0	5792.0
1	9	0	0	5193.0
6	9	0	0	6615.0
5	9	1	0	8497.0
4	9	1	0	8146.0
3	9	1	0	8981.0
2	9	1	0	10164.0
1	9	1	0	10249.0
6	9	0	0	6948.0
5	9	0	0	5725.0
4	9	0	0	5580.0
3	9	0	0	5658.0
2	9	0	0	6339.0
1	9	0	0	6251.0
6	9	0	0	7067.0
5	9	1	1	9225.0
4	9	1	1	9459.0
3	9	1	1	9779.0
2	9	1	1	12018.0
1	9	1	1	12553.0
6	8	0	0	7160.0
5	8	0	1	6991.0
4	8	0	1	6051.0
3	8	0	1	6097.0
2	8	0	1	5383.0
1	8	0	1	6732.0
6	8	0	0	6651.0
5	8	1	1	8043.0
4	8	1	1	8518.0
3	8	1	1	9702.0
2	8	1	1	11257.0
1	8	1	1	12091.0
6	8	0	0	7435.0
5	8	0	1	6524.0
4	8	0	1	6494.0
3	8	0	1	5594.0
2	8	0	1	6947.0
1	8	0	1	7470.0
6	8	0	0	7192.0
5	8	1	1	9768.0
4	8	1	1	9359.0
3	8	1	1	9453.0
2	8	1	1	12360.0
1	8	1	1	11722.0
6	8	0	0	8074.0
5	8	1	1	11256.0
4	7	1	1	11426.0
3	7	1	1	10935.0
2	7	1	1	11022.0
1	7	1	1	12643.0
6	7	0	0	8078.0
5	7	0	0	7027.0
4	7	0	0	6458.0
3	7	0	0	6151.0
2	7	0	0	7584.0
1	7	0	0	6816.0
6	7	0	0	6251.0
5	7	1	0	9004.0
4	7	1	0	9659.0
3	7	1	0	10231.0
2	7	1	0	12251.0
1	7	1	0	11892.0
6	7	0	0	8429.0
5	7	0	0	6621.0
4	7	0	0	7041.0
3	7	0	0	5237.0
2	7	0	0	5851.0
1	7	0	0	6626.0
6	7	0	0	7169.0
5	7	1	0	8079.0
4	7	1	0	8762.0
3	7	1	0	10363.0
2	7	1	0	11692.0
1	6	1	0	13485.0
6	6	0	0	7076.0
5	6	0	0	6893.0
4	6	0	0	5895.0
3	6	0	0	5972.0
2	6	0	0	6322.0
1	6	0	0	6535.0
6	6	0	0	7340.0
5	6	1	0	12214.0
3	6	1	0	10119.0
2	6	1	0	12509.0
1	6	1	0	12513.0
6	6	0	0	8296.0
5	6	0	0	6845.0
4	6	0	0	6975.0
3	6	0	0	6537.0
2	6	0	0	7206.0
6	6	0	0	8006.0
5	6	1	0	9902.0
4	6	1	0	10171.0
3	6	1	0	10002.0
2	6	1	0	11014.0
1	6	1	0	12359.0
6	5	0	0	8386.0
5	5	0	0	10254.0
3	5	0	0	7482.0
2	5	0	0	6077.0
1	5	0	0	6436.0
6	5	0	0	7333.0
5	5	1	0	8841.0
4	5	1	0	9153.0
3	5	1	0	9072.0
2	5	1	0	10549.0
1	5	1	0	11141.0
6	5	0	0	7044.0
5	5	0	0	6563.0
4	5	0	0	5875.0
3	5	0	0	6266.0
2	5	0	0	6156.0
1	5	0	0	7147.0
6	5	0	0	7599.0
5	5	1	0	9479.0
4	5	1	0	9380.0
3	5	1	0	10008.0
2	5	1	0	10965.0
1	5	1	0	11504.0
6	5	0	0	8142.0
5	5	1	0	13567.0
3	4	1	0	12442.0
2	4	1	0	11852.0
1	4	1	0	12726.0
6	4	0	0	7373.0
5	4	0	1	6552.0
4	4	0	1	6363.0
3	4	0	1	6802.0
2	4	0	1	7219.0
6	4	0	0	8951.0
4	4	1	1	11052.0
3	4	1	1	11315.0
2	4	1	1	12935.0
1	4	1	1	12902.0
6	4	0	0	7538.0
5	4	0	0	7475.0
4	4	0	0	6729.0
3	4	0	0	6390.0
2	4	0	0	6675.0
1	4	0	0	7002.0
6	4	0	0	8275.0
5	4	1	0	9836.0
4	4	1	0	9667.0
3	4	1	0	10203.0
2	4	1	0	12070.0
1	3	1	0	13313.0
6	3	0	0	7789.0
5	3	0	0	7265.0
4	3	0	0	6803.0
3	3	0	0	6741.0
2	3	0	0	6487.0
1	3	0	0	5908.0
6	3	0	0	7103.0
5	3	1	0	8871.0
4	3	1	0	9179.0
3	3	1	0	9115.0
2	3	1	0	10441.0
1	3	1	0	12153.0
6	3	0	0	7390.0
5	3	0	0	6488.0
4	3	0	0	6415.0
3	3	0	0	7020.0
2	3	0	0	6629.0
1	3	0	0	6802.0
6	3	0	0	8894.0
5	3	1	0	11759.0
4	3	1	0	12900.0
3	3	1	0	14375.0
2	3	1	0	6195.0
6	3	0	0	3821.0
5	2	0	0	7986.0
4	2	0	0	7197.0
3	2	0	0	6984.0
2	2	0	0	5970.0
1	2	0	0	6694.0
6	2	0	0	7628.0
5	2	1	0	10127.0
4	2	1	0	9871.0
3	2	1	0	9535.0
2	2	1	0	11428.0
1	2	1	0	13240.0
6	2	0	0	8327.0
5	2	0	0	7659.0
4	2	0	0	5177.0
3	2	0	0	6474.0
2	2	0	0	6774.0
1	2	0	0	6234.0
6	2	0	0	7447.0
5	2	1	0	10093.0
4	2	1	0	10895.0
3	2	1	0	9530.0
2	2	1	0	12793.0
1	2	1	0	13876.0
6	2	0	0	8115.0
5	1	0	0	8111.0
4	1	0	0	6863.0
3	1	0	0	5727.0
2	1	0	0	6060.0
1	1	0	0	6315.0
6	1	0	0	8312.0
5	1	1	0	9438.0
4	1	1	0	8878.0
3	1	1	0	9746.0
2	1	1	0	12566.0
1	1	1	0	12480.0
6	1	0	0	8023.0
5	1	0	0	6718.0
4	1	0	0	5745.0
3	1	0	0	5586.0
2	1	0	0	5577.0
1	1	0	0	5940.0
6	1	0	0	7048.0
5	1	1	0	9550.0
4	1	1	0	9199.0
3	1	1	0	9951.0
2	1	1	1	13015.0
1	1	1	1	14578.0
6	1	0	0	8221.0
5	1	0	1	7310.0
4	1	0	1	7452.0
2	12	0	1	4053.0
1	12	0	1	10641.0
6	12	0	0	8323.0
5	12	0	1	9049.0
2	12	0	1	3989.0
1	12	0	1	14399.0
6	12	0	0	11601.0
5	12	1	0	14373.0
4	12	1	0	13614.0
3	12	1	0	14839.0
2	12	1	0	16939.0
1	12	1	0	18049.0
6	12	0	0	8954.0
5	12	0	0	8110.0
4	12	0	0	7963.0
3	12	0	0	7088.0
2	12	0	0	8194.0
1	12	0	0	7834.0
6	12	0	0	9580.0
5	12	1	0	10237.0
4	12	1	0	11515.0
3	12	1	0	12349.0
2	12	1	0	13101.0
1	12	1	0	16151.0
6	11	0	0	11186.0
5	11	0	0	8894.0
4	11	0	0	7077.0
3	11	0	0	6299.0
2	11	0	0	7033.0
1	11	0	0	6928.0
6	11	0	0	8564.0
5	11	1	0	9965.0
4	11	1	0	8904.0
3	11	1	0	10081.0
2	11	1	0	11925.0
1	11	1	0	12196.0
6	11	0	0	8349.0
5	11	0	0	6495.0
4	11	0	0	6648.0
3	11	0	0	6048.0
2	11	0	0	6290.0
1	11	0	0	6559.0
6	11	0	0	8878.0
5	11	1	0	9331.0
4	11	1	0	9761.0
3	11	1	0	10128.0
2	11	1	0	12390.0
1	11	1	0	12215.0
6	11	0	0	9217.0
4	10	0	0	8646.0
3	10	0	0	7330.0
2	10	0	0	6364.0
1	10	0	0	5330.0
6	10	0	0	7339.0
5	10	1	0	8512.0
4	10	1	0	9206.0
3	10	1	0	8103.0
2	10	1	0	11644.0
1	10	1	0	12471.0
6	10	0	0	7445.0
5	10	0	1	6557.0
4	10	0	1	5877.0
3	10	0	1	6546.0
2	10	0	1	5294.0
1	10	0	1	6537.0
6	10	0	0	7559.0
5	10	1	1	8937.0
4	10	1	1	9937.0
3	10	1	1	10941.0
2	10	1	1	13833.0
1	10	1	1	14202.0
6	10	0	0	6176.0
5	10	0	1	9880.0
3	10	0	0	7846.0
2	10	0	0	7673.0
1	9	0	0	7698.0
6	9	0	0	7942.0
5	9	1	0	9225.0
4	9	1	0	8746.0
3	9	1	0	8979.0
2	9	1	0	10593.0
1	9	1	0	11550.0
6	9	0	0	6774.0
5	9	0	0	6282.0
4	9	0	0	6517.0
3	9	0	0	4900.0
2	9	0	0	6369.0
1	9	0	0	5937.0
6	9	0	0	6817.0
5	9	1	0	9970.0
4	9	1	0	9951.0
3	9	1	0	10642.0
2	9	1	0	13201.0
1	9	1	0	13988.0
6	9	0	0	6906.0
5	9	0	0	6715.0
4	9	0	0	6724.0
3	9	0	0	7270.0
2	9	0	0	6376.0
1	9	0	0	6823.0
6	8	0	0	8382.0
5	8	1	0	10879.0
4	8	1	0	9715.0
3	8	1	0	10159.0
2	8	1	0	11531.0
1	8	1	0	12236.0
6	8	0	0	7505.0
5	8	0	0	6103.0
4	8	0	0	5587.0
3	8	0	0	6228.0
2	8	0	0	6887.0
1	8	0	0	7237.0
6	8	0	0	7246.0
5	8	1	1	9491.0
4	8	1	1	10577.0
3	8	1	1	11866.0
2	8	1	1	12880.0
1	8	1	1	12685.0
6	8	0	0	7279.0
5	8	0	1	7248.0
4	8	0	1	6462.0
3	8	0	1	6505.0
2	8	0	1	6386.0
1	8	0	1	6913.0
6	8	0	0	7133.0
5	8	1	1	8774.0
4	8	1	1	10460.0
3	7	1	1	13015.0
2	7	1	1	14092.0
1	7	1	1	13598.0
6	7	0	0	6351.0
5	7	0	1	6277.0
4	7	0	1	6546.0
3	7	0	1	6138.0
2	7	0	1	6150.0
1	7	0	1	7170.0
6	7	0	0	7043.0
5	7	1	1	9212.0
4	7	1	1	10584.0
3	7	1	1	10784.0
2	7	1	1	12842.0
1	7	1	1	14566.0
6	7	0	0	8098.0
5	7	0	1	7301.0
4	7	0	1	7721.0
3	7	0	1	6590.0
2	7	0	1	7051.0
1	7	0	1	7911.0
6	7	0	0	8272.0
5	7	1	0	10574.0
4	7	1	0	11766.0
3	7	1	0	10451.0
2	7	1	0	13888.0
1	7	1	0	14012.0
6	6	0	0	9509.0
5	6	0	0	8269.0
4	6	0	0	6559.0
3	6	0	0	6844.0
2	6	0	0	6672.0
1	6	0	0	6502.0
6	6	0	0	7621.0
5	6	1	0	9050.0
4	6	1	0	9342.0
3	6	1	0	8673.0
2	6	1	0	9578.0
1	6	1	0	11945.0
6	6	0	0	7746.0
5	6	0	0	7392.0
4	6	0	0	7205.0
3	6	0	0	7179.0
2	6	0	0	7880.0
1	6	0	0	6810.0
6	6	0	0	8273.0
5	6	1	0	9908.0
4	6	1	0	10281.0
3	6	1	0	10110.0
2	6	1	0	12285.0
1	6	1	0	12997.0
6	6	0	0	10313.0
5	5	1	0	14566.0
3	5	1	0	10896.0
2	5	1	0	12967.0
1	5	1	0	12148.0
6	5	0	0	7917.0
5	5	0	0	7271.0
4	5	0	0	6108.0
3	5	0	0	6461.0
2	5	0	0	7540.0
6	5	0	0	8121.0
5	5	1	0	9268.0
4	5	1	0	9214.0
3	5	1	0	10429.0
2	5	1	0	10990.0
1	5	1	0	9979.0
6	5	0	0	8510.0
5	5	0	0	9336.0
3	5	0	0	8429.0
2	5	0	0	7791.0
1	5	0	0	8602.0
6	5	0	0	9750.0
5	5	1	0	11868.0
4	5	1	0	13046.0
2	4	1	0	13576.0
1	4	1	0	12928.0
6	4	0	0	8053.0
5	4	1	0	9677.0
4	4	1	0	9887.0
3	4	1	0	10603.0
2	4	1	0	12068.0
1	4	1	0	12071.0
6	4	0	0	8611.0
5	4	0	0	7756.0
4	4	0	0	6978.0
3	4	0	0	7112.0
2	4	0	0	7518.0
1	4	0	0	7773.0
6	4	0	0	9455.0
5	4	1	0	9592.0
4	4	1	0	10461.0
3	4	1	0	10595.0
2	4	1	0	11307.0
1	4	1	0	14791.0
6	4	0	0	9187.0
5	4	0	1	7466.0
4	4	0	1	8220.0
3	4	0	1	7125.0
2	4	0	1	9505.0
6	3	0	0	12469.0
4	3	1	1	12995.0
3	3	1	1	11900.0
2	3	1	1	13234.0
1	3	1	1	13116.0
6	3	0	0	8188.0
5	3	1	1	10418.0
4	3	1	1	10134.0
3	3	1	1	9223.0
2	3	1	0	12466.0
1	3	1	0	15013.0
6	3	0	0	8596.0
5	3	0	0	7668.0
4	3	0	0	6401.0
3	3	0	0	6258.0
2	3	0	0	3523.0
1	3	0	0	7029.0
6	3	0	0	8689.0
5	3	1	0	9873.0
4	3	1	0	10313.0
3	3	1	0	11465.0
2	3	1	0	13069.0
1	3	1	0	14242.0
6	3	0	0	10204.0
5	3	0	0	8487.0
4	2	0	0	7872.0
3	2	0	0	6444.0
2	2	0	0	6203.0
1	2	0	0	6110.0
6	2	0	0	7187.0
5	2	1	0	9119.0
4	2	1	0	10080.0
3	2	1	0	9802.0
2	2	1	0	10552.0
1	2	1	0	13386.0
6	2	0	0	8702.0
5	2	0	0	7251.0
4	2	0	0	7502.0
3	2	0	0	8076.0
2	2	0	0	2760.0
6	2	0	0	3866.0
5	2	1	0	10138.0
4	2	1	0	9890.0
3	2	1	0	9887.0
2	2	1	0	12350.0
1	2	1	0	12488.0
6	2	0	0	9350.0
5	2	0	0	7470.0
4	1	0	0	7269.0
3	1	0	0	6339.0
2	1	0	0	6116.0
1	1	0	0	6113.0
6	1	0	0	7633.0
5	1	1	0	8974.0
4	1	1	0	9576.0
3	1	1	0	9775.0
2	1	1	0	10473.0
1	1	1	0	9359.0
6	1	0	0	7989.0
5	1	0	0	6705.0
4	1	0	0	5881.0
3	1	0	0	5908.0
2	1	0	0	5828.0
1	1	0	0	6576.0
6	1	0	0	8361.0
5	1	1	0	10245.0
4	1	1	0	9358.0
3	1	1	0	8968.0
2	1	1	0	12942.0
1	1	1	0	13611.0
6	1	0	0	8251.0
5	1	0	1	7975.0
4	1	0	1	7530.0
3	1	0	1	7994.0
