5	7	1	1	5943.0
4	7	1	1	5720.0
3	7	1	1	5558.0
2	7	1	1	5798.0
1	7	1	1	7024.0
7	7	0	0	3916.0
6	7	0	0	3785.0
5	7	0	1	4426.0
4	7	0	1	6370.0
3	7	0	1	4758.0
2	7	0	1	4835.0
1	7	0	1	6044.0
7	7	0	0	3264.0
6	7	0	0	4706.0
5	7	1	0	4435.0
4	7	1	0	5731.0
3	7	1	0	4846.0
2	7	1	0	5392.0
1	7	1	0	6184.0
7	7	0	0	2516.0
6	7	0	0	3814.0
5	7	0	0	4311.0
4	7	0	0	4730.0
3	7	0	0	4159.0
2	7	0	0	4363.0
1	7	0	0	4845.0
7	7	0	0	2474.0
6	7	0	0	4315.0
5	7	1	0	5197.0
4	7	1	0	5550.0
3	7	1	0	4769.0
2	6	1	0	7372.0
1	6	1	0	6257.0
7	6	0	0	2419.0
6	6	0	0	3386.0
5	6	0	0	3772.0
4	6	0	0	4172.0
3	6	0	0	3600.0
2	6	0	0	3885.0
1	6	0	0	4060.0
7	6	0	0	2098.0
6	6	0	0	2999.0
5	6	1	0	4163.0
4	6	1	0	4169.0
3	6	1	0	4282.0
2	6	1	0	4707.0
1	6	1	0	5326.0
7	6	0	0	2191.0
6	6	0	0	3178.0
5	6	0	0	3667.0
4	6	0	0	4039.0
3	6	0	0	3228.0
2	6	0	0	3660.0
1	6	0	0	3986.0
7	6	0	0	2516.0
6	6	0	0	3124.0
5	6	1	0	4914.0
4	6	1	0	4887.0
3	6	1	0	4334.0
2	6	1	0	4210.0
1	6	1	0	5307.0
7	5	0	0	1894.0
6	5	0	0	2669.0
5	5	0	0	4285.0
4	5	0	0	4557.0
3	5	0	0	3406.0
2	5	0	0	3876.0
7	5	0	0	2138.0
6	5	0	0	2838.0
5	5	1	0	4181.0
4	5	1	0	4611.0
3	5	1	0	4367.0
2	5	1	0	4363.0
1	5	1	0	4833.0
7	5	0	0	1588.0
6	5	0	0	2508.0
5	5	0	1	4914.0
3	5	0	0	4259.0
2	5	0	0	3297.0
1	5	0	0	3392.0
7	5	0	0	1106.0
6	5	0	0	2098.0
5	5	1	0	3981.0
4	5	1	0	4273.0
3	5	1	0	3657.0
2	5	1	0	3462.0
1	5	1	0	4923.0
7	5	0	0	1442.0
6	5	0	0	3236.0
4	4	1	0	5994.0
3	4	1	0	4510.0
2	4	1	0	4324.0
1	4	1	0	4594.0
7	4	0	0	939.0
6	4	0	0	1862.0
5	4	0	0	3164.0
4	4	0	0	3759.0
3	4	0	0	2643.0
2	4	0	0	3080.0
1	4	0	0	3218.0
7	4	0	0	1358.0
6	4	0	0	1910.0
5	4	1	1	4242.0
4	4	1	1	3753.0
3	4	1	1	3871.0
2	4	1	1	3831.0
1	4	1	1	4686.0
7	4	0	0	1326.0
6	4	0	0	2475.0
5	4	0	1	3889.0
4	4	0	1	3918.0
3	4	0	1	3351.0
2	4	0	1	4530.0
7	4	0	0	1561.0
6	4	0	0	5064.0
4	4	1	1	6496.0
3	4	1	1	5062.0
2	3	1	0	6110.0
1	3	1	0	5389.0
7	3	0	0	946.0
6	3	0	0	2688.0
5	3	0	0	3170.0
4	3	0	0	4083.0
3	3	0	0	3387.0
2	3	0	0	2929.0
1	3	0	0	3541.0
6	3	0	0	1757.0
5	3	1	0	3707.0
4	3	1	0	3822.0
3	3	1	0	3821.0
2	3	1	0	4412.0
1	3	1	0	4385.0
6	3	0	0	2253.0
5	3	0	0	2914.0
4	3	0	0	3551.0
3	3	0	0	2687.0
2	3	0	0	3238.0
1	3	0	0	3375.0
6	3	0	0	1905.0
5	3	1	0	3503.0
4	3	1	0	4336.0
3	3	1	0	3479.0
2	3	1	0	4152.0
1	3	1	0	4080.0
6	2	0	0	2289.0
5	2	0	0	2671.0
4	2	0	0	3464.0
3	2	0	0	2380.0
2	2	0	0	2192.0
1	2	0	0	2626.0
6	2	0	0	1598.0
5	2	1	0	2888.0
4	2	1	0	4140.0
3	2	1	0	3693.0
2	2	1	0	4238.0
1	2	1	0	4547.0
6	2	0	0	1929.0
5	2	0	0	2938.0
4	2	0	0	3017.0
3	2	0	0	2573.0
2	2	0	0	2753.0
1	2	0	0	2696.0
6	2	0	0	1995.0
5	2	1	0	3430.0
4	2	1	0	3738.0
3	2	1	0	3222.0
2	2	1	0	3235.0
1	2	1	0	4165.0
6	1	0	0	2405.0
5	1	1	0	3889.0
4	1	1	0	2790.0
3	1	1	0	3277.0
2	1	1	0	4042.0
1	1	1	0	3070.0
6	1	0	0	1645.0
5	1	0	0	2485.0
4	1	0	0	3164.0
3	1	0	0	2372.0
2	1	0	0	2282.0
1	1	0	0	2764.0
6	1	0	0	1767.0
5	1	1	0	3148.0
4	1	1	0	3534.0
3	1	1	0	3044.0
2	1	1	0	3604.0
1	1	1	0	3369.0
6	1	0	0	1345.0
5	1	1	0	2691.0
4	1	1	0	3434.0
3	1	1	0	3189.0
2	1	1	1	3552.0
1	1	1	1	4836.0
6	1	0	0	1367.0
5	1	0	1	3490.0
3	12	0	1	3178.0
2	12	0	1	5419.0
1	12	0	1	6167.0
6	12	0	0	2380.0
3	12	0	1	2591.0
2	12	0	1	5657.0
1	12	0	1	5501.0
6	12	0	0	2707.0
5	12	1	0	4527.0
4	12	1	0	5817.0
3	12	1	0	4270.0
2	12	1	0	4577.0
1	12	1	0	5249.0
6	12	0	0	2763.0
5	12	0	0	2951.0
4	12	0	0	3241.0
3	12	0	0	2653.0
2	12	0	0	3409.0
1	12	0	0	3480.0
6	12	0	0	2435.0
5	12	1	0	4805.0
4	12	1	0	4354.0
3	12	1	0	4290.0
2	12	1	0	4174.0
1	12	1	0	4767.0
6	11	0	0	2601.0
5	11	1	0	4536.0
4	11	1	0	4807.0
3	11	1	0	3672.0
2	11	1	0	4420.0
1	11	1	0	4989.0
6	11	0	0	2152.0
5	11	0	0	3252.0
4	11	0	0	3674.0
3	11	0	0	3335.0
2	11	0	0	2495.0
1	11	0	0	3148.0
6	11	0	0	2211.0
5	11	1	0	3551.0
4	11	1	0	3738.0
3	11	1	0	3466.0
2	11	1	0	3851.0
1	11	1	0	3947.0
6	11	0	0	1907.0
5	11	1	0	3826.0
4	11	1	0	4566.0
3	11	1	0	3292.0
2	11	1	0	4302.0
1	11	1	0	4799.0
6	11	0	0	2454.0
5	10	0	0	3664.0
4	10	0	0	4397.0
3	10	0	0	2780.0
2	10	0	0	3277.0
1	10	0	0	3223.0
7	10	0	0	1172.0
6	10	0	0	1753.0
5	10	1	1	3527.0
4	10	1	1	3857.0
3	10	1	1	3634.0
2	10	1	1	3105.0
1	10	1	1	4141.0
7	10	0	0	1231.0
6	10	0	0	1967.0
5	10	0	1	2949.0
4	10	0	1	3573.0
3	10	0	1	2993.0
2	10	0	1	2835.0
1	10	0	1	2706.0
7	10	0	0	1443.0
6	10	0	0	2092.0
5	10	1	0	3516.0
4	10	1	0	4322.0
3	10	1	0	4119.0
2	10	1	0	4044.0
1	10	1	0	5103.0
7	10	0	0	1401.0
6	10	0	0	3124.0
4	10	1	0	4760.0
3	10	1	0	3860.0
2	9	1	0	5475.0
1	9	1	0	5146.0
7	9	0	0	1192.0
6	9	0	0	2074.0
5	9	0	0	3271.0
4	9	0	0	3707.0
3	9	0	0	3195.0
2	9	0	0	3124.0
1	9	0	0	3024.0
7	9	0	0	1898.0
6	9	0	0	2306.0
5	9	1	0	4028.0
4	9	1	0	4884.0
3	9	1	0	4123.0
2	9	1	0	4514.0
1	9	1	0	4334.0
7	9	0	0	1352.0
6	9	0	0	2245.0
5	9	0	0	3402.0
4	9	0	0	4018.0
3	9	0	0	3590.0
2	9	0	0	3552.0
1	9	0	0	3712.0
7	9	0	0	1500.0
6	9	0	0	2205.0
5	9	1	0	4253.0
4	9	1	0	5350.0
3	9	1	0	4782.0
2	9	1	0	5019.0
1	9	1	0	5571.0
7	8	0	0	2191.0
6	8	0	0	3761.0
5	8	0	0	4757.0
4	8	0	0	5052.0
3	8	0	0	4314.0
2	8	0	0	4242.0
1	8	0	0	5178.0
7	8	0	0	3302.0
6	8	0	0	4219.0
5	8	1	1	4903.0
4	8	1	1	5528.0
3	8	1	1	4869.0
2	8	1	1	5480.0
1	8	1	1	5985.0
7	8	0	0	2656.0
6	8	0	0	4380.0
5	8	0	1	4267.0
4	8	0	1	5585.0
3	8	0	1	5189.0
2	8	0	1	4686.0
1	8	0	1	5209.0
7	8	0	0	2823.0
6	8	0	0	4566.0
5	8	1	1	5244.0
4	8	1	1	6353.0
3	8	1	1	5587.0
2	8	1	1	5968.0
1	8	1	1	7046.0
7	8	0	0	3312.0
6	8	0	0	4961.0
5	8	1	1	5781.0
4	7	1	1	6728.0
3	7	1	1	6818.0
2	7	1	1	5815.0
1	7	1	1	5995.0
7	7	0	0	3040.0
6	7	0	0	3939.0
5	7	0	1	4891.0
4	7	0	1	5486.0
3	7	0	1	4510.0
2	7	0	1	4340.0
1	7	0	1	5180.0
7	7	0	0	2727.0
6	7	0	0	4310.0
5	7	1	1	4757.0
4	7	1	1	5283.0
3	7	1	1	4999.0
2	7	1	1	5353.0
1	7	1	1	5059.0
7	7	0	0	2687.0
6	7	0	0	4677.0
5	7	0	0	4177.0
4	7	0	0	4598.0
3	7	0	0	3568.0
2	7	0	0	3657.0
1	7	0	0	4475.0
7	7	0	0	2158.0
6	7	0	0	3831.0
5	7	1	0	3695.0
4	7	1	0	5464.0
3	7	1	0	4267.0
2	7	1	0	4530.0
1	6	1	0	7132.0
7	6	0	0	2150.0
6	6	0	0	3444.0
5	6	0	0	4016.0
4	6	0	0	4016.0
3	6	0	0	2984.0
2	6	0	0	3460.0
1	6	0	0	3698.0
7	6	0	0	1980.0
6	6	0	0	3023.0
5	6	1	0	4341.0
4	6	1	0	4775.0
3	6	1	0	4397.0
2	6	1	0	4586.0
1	6	1	0	5045.0
7	6	0	0	2763.0
6	6	0	0	3028.0
5	6	0	0	3929.0
4	6	0	0	4260.0
3	6	0	0	3879.0
2	6	0	0	4067.0
7	6	0	0	2664.0
6	6	0	0	4047.0
5	6	1	0	5025.0
4	6	1	0	4379.0
3	6	1	0	3874.0
2	6	1	0	4998.0
1	6	1	0	5597.0
7	6	0	0	1534.0
6	5	0	0	2900.0
5	5	0	1	6195.0
3	5	0	0	3941.0
2	5	0	0	2874.0
1	5	0	0	3851.0
7	5	0	0	1591.0
6	5	0	0	2804.0
5	5	1	0	3397.0
4	5	1	0	4472.0
3	5	1	0	3554.0
2	5	1	0	3835.0
1	5	1	0	4567.0
7	5	0	0	1536.0
6	5	0	0	2136.0
5	5	0	0	3655.0
4	5	0	0	3388.0
3	5	0	0	3323.0
2	5	0	0	3231.0
1	5	0	0	3042.0
7	5	0	0	839.0
6	5	0	0	2418.0
5	5	1	0	3444.0
4	5	1	0	4166.0
3	5	1	0	3957.0
2	5	1	0	4172.0
1	5	1	0	4612.0
7	5	0	0	1318.0
6	5	0	0	2563.0
5	5	1	1	5771.0
3	4	1	1	4800.0
2	4	1	1	4493.0
1	4	1	1	4825.0
7	4	0	0	1384.0
6	4	0	0	2084.0
5	4	0	1	3051.0
4	4	0	1	3757.0
3	4	0	1	3487.0
2	4	0	1	4381.0
7	4	0	0	1610.0
6	4	0	0	4755.0
4	4	1	1	6460.0
3	4	1	1	5148.0
2	4	1	0	5654.0
1	4	1	0	5509.0
7	4	0	0	1804.0
6	4	0	0	2248.0
5	4	0	0	2515.0
4	4	0	0	3665.0
3	4	0	0	2832.0
2	4	0	0	2517.0
1	4	0	0	3418.0
7	4	0	0	725.0
6	4	0	0	2355.0
5	4	1	0	3606.0
4	4	1	0	4142.0
3	4	1	0	3541.0
2	4	1	0	3623.0
1	3	1	0	6079.0
6	3	0	0	2059.0
5	3	0	0	3283.0
4	3	0	0	3800.0
3	3	0	0	2520.0
2	3	0	0	3025.0
1	3	0	0	3245.0
6	3	0	0	2114.0
5	3	1	0	2931.0
4	3	1	0	3848.0
3	3	1	0	3031.0
2	3	1	0	3264.0
1	3	1	0	3701.0
6	3	0	0	1500.0
5	3	0	0	2803.0
4	3	0	0	3359.0
3	3	0	0	2615.0
2	3	0	0	2777.0
1	3	0	0	2875.0
6	3	0	0	2394.0
5	3	1	0	3486.0
4	3	1	0	4132.0
3	3	1	0	3144.0
2	3	1	0	4115.0
1	3	1	0	4770.0
6	3	0	0	2485.0
5	2	0	0	3024.0
4	2	0	0	3532.0
3	2	0	0	2077.0
2	2	0	0	2797.0
1	2	0	0	2883.0
6	2	0	0	1914.0
5	2	1	0	3144.0
4	2	1	0	4178.0
3	2	1	0	2893.0
2	2	1	0	3489.0
1	2	1	0	4312.0
6	2	0	0	2012.0
5	2	0	0	3077.0
4	2	0	0	3037.0
3	2	0	0	2634.0
2	2	0	0	2680.0
1	2	0	0	2806.0
6	2	0	0	1850.0
5	2	1	0	3019.0
4	2	1	0	4060.0
3	2	1	0	3650.0
2	2	1	0	4047.0
1	2	1	0	4679.0
6	2	0	0	2132.0
5	1	0	0	3643.0
4	1	0	0	2902.0
3	1	0	0	2474.0
2	1	0	0	2604.0
1	1	0	0	2295.0
6	1	0	0	2038.0
5	1	1	0	3470.0
4	1	1	0	3441.0
3	1	1	0	2713.0
2	1	1	0	2711.0
1	1	1	0	3872.0
6	1	0	0	1971.0
5	1	0	0	2621.0
4	1	0	0	3100.0
3	1	0	0	2447.0
2	1	0	0	2343.0
1	1	0	0	2514.0
6	1	0	0	1824.0
5	1	1	0	3704.0
4	1	1	0	3340.0
3	1	1	0	3178.0
2	1	1	0	4006.0
1	1	1	1	4158.0
6	1	0	0	2075.0
5	1	0	1	3379.0
4	1	0	1	3871.0
2	12	0	1	3271.0
1	12	0	1	5614.0
6	12	0	0	2676.0
5	12	0	1	3694.0
2	12	0	1	2651.0
1	12	0	1	7127.0
6	12	0	0	3252.0
5	12	1	0	5697.0
4	12	1	0	5381.0
3	12	1	0	4889.0
2	12	1	0	6093.0
1	12	1	0	6211.0
6	12	0	0	2673.0
5	12	0	0	3360.0
4	12	0	0	4097.0
3	12	0	0	2868.0
2	12	0	0	3733.0
1	12	0	0	3931.0
6	12	0	0	2173.0
5	12	1	0	3272.0
4	12	1	0	4761.0
3	12	1	0	3986.0
2	12	1	0	4892.0
1	12	1	0	5501.0
6	11	0	0	3239.0
5	11	0	0	3675.0
4	11	0	0	4348.0
3	11	0	0	3138.0
2	11	0	0	3062.0
1	11	0	0	3665.0
6	11	0	0	2204.0
5	11	1	0	3161.0
4	11	1	0	4533.0
3	11	1	0	3357.0
2	11	1	0	3317.0
1	11	1	0	4500.0
6	11	0	0	1986.0
5	11	0	0	3164.0
4	11	0	0	3415.0
3	11	0	0	2902.0
2	11	0	0	2574.0
1	11	0	0	3295.0
6	11	0	0	1815.0
5	11	1	0	3574.0
4	11	1	0	3970.0
3	11	1	0	3124.0
2	11	1	0	4091.0
1	11	1	0	3979.0
6	11	0	0	1921.0
5	11	0	0	2997.0
4	10	0	0	3926.0
3	10	0	0	3000.0
2	10	0	0	2803.0
1	10	0	0	2143.0
7	10	0	0	998.0
6	10	0	0	1750.0
5	10	1	0	3397.0
4	10	1	0	4125.0
3	10	1	0	3511.0
2	10	1	0	3777.0
1	10	1	0	4281.0
7	10	0	0	1322.0
6	10	0	0	1760.0
5	10	0	1	3041.0
4	10	0	1	3016.0
3	10	0	1	3052.0
2	10	0	1	2638.0
1	10	0	1	3327.0
7	10	0	0	1186.0
6	10	0	0	1905.0
5	10	1	1	3730.0
4	10	1	1	4541.0
3	10	1	1	3277.0
2	10	1	1	3782.0
1	10	1	1	4602.0
7	10	0	0	1197.0
6	10	0	0	1836.0
5	10	0	1	4527.0
3	10	0	0	3810.0
2	10	0	0	3558.0
1	9	0	0	4438.0
7	9	0	0	1229.0
6	9	0	0	2267.0
5	9	1	0	3967.0
4	9	1	0	4561.0
3	9	1	0	3529.0
2	9	1	0	3817.0
1	9	1	0	4345.0
7	9	0	0	1272.0
6	9	0	0	1988.0
5	9	0	0	3112.0
4	9	0	0	3515.0
3	9	0	0	2804.0
2	9	0	0	3171.0
1	9	0	0	2924.0
7	9	0	0	1648.0
6	9	0	0	2101.0
5	9	1	0	3793.0
4	9	1	0	4160.0
3	9	1	0	4334.0
2	9	1	0	4818.0
1	9	1	0	4349.0
7	9	0	0	1450.0
6	9	0	0	2338.0
5	9	0	0	3315.0
4	9	0	0	3703.0
3	9	0	0	3430.0
2	9	0	0	3077.0
1	9	0	0	3393.0
7	9	0	0	1642.0
6	8	0	0	3433.0
5	8	1	0	4961.0
4	8	1	0	4676.0
3	8	1	0	4260.0
2	8	1	0	4616.0
1	8	1	0	5122.0
7	8	0	0	2737.0
6	8	0	0	3990.0
5	8	0	0	4543.0
4	8	0	0	4559.0
3	8	0	0	3508.0
2	8	0	0	4240.0
1	8	0	0	4147.0
7	8	0	0	2751.0
6	8	0	0	3716.0
5	8	1	0	4486.0
4	8	1	0	5255.0
3	8	1	0	4996.0
2	8	1	0	5333.0
1	8	1	0	6191.0
7	8	0	0	3251.0
6	8	0	0	3880.0
5	8	0	0	4451.0
4	8	0	0	5137.0
3	8	0	0	5242.0
2	8	0	0	6202.0
1	8	0	0	6155.0
7	8	0	0	3375.0
6	8	0	0	4493.0
5	8	1	1	5025.0
4	8	1	1	6525.0
3	7	1	1	6283.0
2	7	1	1	6624.0
1	7	1	1	7195.0
7	7	0	0	3633.0
6	7	0	0	4566.0
5	7	0	1	4798.0
4	7	0	1	5238.0
3	7	0	1	5404.0
2	7	0	1	5231.0
1	7	0	1	5152.0
7	7	0	0	3303.0
6	7	0	0	3974.0
5	7	1	1	5847.0
4	7	1	1	5385.0
3	7	1	1	4966.0
2	7	1	1	4894.0
1	7	1	1	6677.0
7	7	0	0	3666.0
6	7	0	0	4224.0
5	7	0	1	3991.0
4	7	0	1	5168.0
3	7	0	1	3871.0
2	7	0	1	4283.0
1	7	0	1	4553.0
7	7	0	0	3087.0
6	7	0	0	4023.0
5	7	1	1	4778.0
4	7	1	1	5651.0
3	7	1	1	4726.0
2	7	1	1	4703.0
1	7	1	1	5034.0
7	6	0	0	2584.0
6	6	0	0	3306.0
5	6	0	1	4490.0
4	6	0	1	4344.0
3	6	0	1	3331.0
2	6	0	1	4005.0
1	6	0	1	4130.0
7	6	0	0	2035.0
6	6	0	0	3091.0
5	6	1	0	4435.0
4	6	1	0	4380.0
3	6	1	0	3530.0
2	6	1	0	3899.0
1	6	1	0	5142.0
7	6	0	0	2230.0
6	6	0	0	3262.0
5	6	0	0	3823.0
4	6	0	0	3554.0
3	6	0	0	3147.0
2	6	0	0	3910.0
1	6	0	0	3617.0
7	6	0	0	2222.0
6	6	0	0	2959.0
5	6	1	0	3837.0
4	6	1	0	4369.0
3	6	1	0	4428.0
2	6	1	0	4016.0
1	6	1	0	4286.0
7	6	0	0	1506.0
6	6	0	0	2473.0
5	5	1	0	4855.0
4	5	1	0	4672.0
3	5	1	0	3962.0
2	5	1	0	4352.0
1	5	1	0	4298.0
7	5	0	0	1194.0
6	5	0	0	1650.0
5	5	0	0	3102.0
4	5	0	0	3901.0
3	5	0	0	2851.0
2	5	0	0	2920.0
7	5	0	0	1661.0
6	5	0	0	2736.0
5	5	1	0	3698.0
4	5	1	0	4143.0
3	5	1	0	3961.0
2	5	1	0	4157.0
1	5	1	0	4112.0
7	5	0	0	1120.0
6	5	0	0	2608.0
5	5	0	1	5417.0
3	5	0	0	3773.0
2	5	0	0	4019.0
1	5	0	0	4022.0
7	5	0	0	1570.0
6	5	0	0	2354.0
5	5	1	0	4023.0
4	5	1	0	5615.0
2	4	1	0	4541.0
1	4	1	0	3880.0
7	4	0	0	1202.0
6	4	0	0	1921.0
5	4	1	0	3415.0
4	4	1	0	3374.0
3	4	1	0	2861.0
2	4	1	0	3481.0
1	4	1	0	4199.0
7	4	0	0	1066.0
6	4	0	0	1916.0
5	4	0	0	2768.0
4	4	0	0	3410.0
3	4	0	0	2428.0
2	4	0	0	2555.0
1	4	0	0	2436.0
7	4	0	0	1241.0
6	4	0	0	1893.0
5	4	1	0	3771.0
4	4	1	0	3527.0
3	4	1	0	3143.0
2	4	1	1	3713.0
1	4	1	1	4799.0
7	4	0	0	934.0
6	4	0	0	1999.0
5	4	0	1	3107.0
4	4	0	1	3800.0
3	4	0	1	3308.0
2	4	0	1	4244.0
7	3	0	0	1214.0
6	3	0	0	4510.0
4	3	1	1	5371.0
3	3	1	1	5107.0
2	3	1	1	5145.0
1	3	1	1	5180.0
7	3	0	0	863.0
6	3	0	0	2340.0
5	3	1	0	3789.0
4	3	1	0	4221.0
3	3	1	0	3497.0
2	3	1	0	3835.0
1	3	1	0	3502.0
6	3	0	0	2127.0
5	3	0	0	3299.0
4	3	0	0	3430.0
3	3	0	0	2269.0
2	3	0	0	3224.0
1	3	0	0	2718.0
6	3	0	0	1993.0
5	3	1	0	3459.0
4	3	1	0	3909.0
3	3	1	0	3869.0
2	3	1	0	4269.0
1	3	1	0	5028.0
6	3	0	0	2075.0
5	3	0	0	2676.0
4	2	0	0	3410.0
3	2	0	0	2815.0
2	2	0	0	2153.0
1	2	0	0	2302.0
6	2	0	0	1457.0
5	2	1	0	3107.0
4	2	1	0	3874.0
3	2	1	0	3602.0
2	2	1	0	4227.0
1	2	1	0	4150.0
6	2	0	0	1621.0
5	2	0	0	2825.0
4	2	0	0	3429.0
3	2	0	0	2523.0
2	2	0	0	2170.0
1	2	0	0	3144.0
6	2	0	0	2144.0
5	2	1	0	3450.0
4	2	1	0	3184.0
3	2	1	0	3375.0
2	2	1	0	3531.0
1	2	1	0	4213.0
6	2	0	0	2198.0
5	2	0	0	2930.0
4	1	0	0	3262.0
3	1	0	0	2646.0
2	1	0	0	2384.0
1	1	0	0	2575.0
6	1	0	0	1613.0
5	1	1	0	2904.0
4	1	1	0	3519.0
3	1	1	0	3031.0
2	1	1	0	3479.0
1	1	1	0	3453.0
6	1	0	0	1838.0
5	1	0	0	2513.0
4	1	0	0	3014.0
3	1	0	0	2561.0
2	1	0	0	2392.0
1	1	0	0	2507.0
6	1	0	0	2053.0
5	1	1	0	3147.0
4	1	1	0	4247.0
3	1	1	0	2898.0
2	1	1	0	3883.0
1	1	1	0	4318.0
6	1	0	0	2341.0
5	1	0	1	2525.0
4	1	0	1	3047.0
3	1	0	1	3574.0
