5	7	1	1	10397.0
4	7	1	1	9761.0
3	7	1	1	8099.0
2	7	1	1	8730.0
1	7	1	1	9397.0
6	7	0	0	4584.0
5	7	0	1	5921.0
4	7	0	1	6581.0
3	7	0	1	5785.0
2	7	0	1	5856.0
1	7	0	1	8294.0
6	7	0	0	5666.0
5	7	1	1	6990.0
4	7	1	1	9433.0
3	7	1	1	8388.0
2	7	1	1	9822.0
1	7	1	1	10757.0
6	7	0	0	4582.0
5	7	0	1	7179.0
4	7	0	1	8333.0
3	7	0	1	7713.0
2	7	0	1	7287.0
1	7	0	1	8041.0
6	7	0	0	4443.0
5	7	1	1	8624.0
4	7	1	1	9543.0
3	7	1	1	8674.0
2	6	1	1	14216.0
1	6	1	1	14792.0
6	6	0	0	5604.0
5	6	0	0	7556.0
4	6	0	0	8271.0
3	6	0	0	6748.0
2	6	0	0	6645.0
1	6	0	0	7062.0
6	6	0	0	5423.0
5	6	1	0	8000.0
4	6	1	0	9303.0
3	6	1	0	9184.0
2	6	1	0	9632.0
1	6	1	0	11688.0
6	6	0	0	5888.0
5	6	0	0	6823.0
4	6	0	0	7878.0
3	6	0	0	6895.0
2	6	0	0	6776.0
1	6	0	0	8654.0
6	6	0	0	5624.0
5	6	1	0	10106.0
3	6	1	0	10832.0
2	6	1	0	10773.0
1	6	1	0	13892.0
6	5	0	0	6342.0
5	5	0	0	9618.0
4	5	0	0	8375.0
3	5	0	0	6770.0
2	5	0	1	7994.0
6	5	0	0	5071.0
5	5	1	0	8492.0
4	5	1	0	9332.0
3	5	1	0	8510.0
2	5	1	0	8642.0
1	5	1	0	10664.0
6	5	0	0	5825.0
5	5	0	0	9718.0
3	5	0	0	9387.0
2	5	0	0	6755.0
1	5	0	0	6880.0
6	5	0	0	6628.0
5	5	1	0	8913.0
4	5	1	0	9410.0
3	5	1	0	8478.0
2	5	1	0	9502.0
1	5	1	0	11884.0
6	5	0	0	7431.0
4	4	1	0	13060.0
3	4	1	0	9597.0
2	4	1	0	8664.0
1	4	1	0	10342.0
6	4	0	0	4813.0
5	4	0	0	6720.0
4	4	0	0	7208.0
3	4	0	0	6483.0
2	4	0	0	6563.0
1	4	0	0	6655.0
6	4	0	0	5766.0
5	4	1	0	8684.0
4	4	1	0	8852.0
3	4	1	0	7695.0
2	4	1	0	9282.0
1	4	1	0	10638.0
6	4	0	0	5671.0
5	4	0	1	7313.0
4	4	0	1	7767.0
3	4	0	1	6993.0
2	4	0	1	8244.0
6	4	0	0	7748.0
4	4	1	1	13453.0
3	4	1	1	9910.0
2	3	1	1	13691.0
1	3	1	1	12962.0
6	3	0	0	5525.0
5	3	0	0	7329.0
4	3	0	0	6689.0
3	3	0	0	6683.0
2	3	0	0	6169.0
1	3	0	0	7237.0
6	3	0	0	5419.0
5	3	1	0	8822.0
4	3	1	0	8944.0
3	3	1	0	8131.0
2	3	1	0	8640.0
1	3	1	0	10506.0
6	3	0	0	5548.0
5	3	0	0	7659.0
4	3	0	0	7988.0
3	3	0	0	6691.0
2	3	0	0	7148.0
1	3	0	0	7823.0
6	3	0	0	5540.0
5	3	1	0	9046.0
4	3	1	0	8945.0
3	3	1	0	8345.0
2	3	1	0	9296.0
1	3	1	0	12183.0
6	2	0	0	6177.0
5	2	0	0	8636.0
4	2	0	0	7975.0
3	2	0	0	6751.0
2	2	0	0	6312.0
1	2	0	0	6506.0
6	2	0	0	6343.0
5	2	1	0	8161.0
4	2	1	0	9355.0
3	2	1	0	8453.0
2	2	1	0	10444.0
1	2	1	0	5181.0
6	2	0	0	5685.0
5	2	0	0	7066.0
4	2	0	0	8249.0
3	2	0	0	6823.0
2	2	0	0	6837.0
1	2	0	0	7333.0
6	2	0	0	5933.0
5	2	1	0	8546.0
4	2	1	0	10043.0
3	2	1	0	9147.0
2	2	1	0	10412.0
1	2	1	0	10645.0
6	1	0	0	6975.0
5	1	1	0	9196.0
4	1	1	0	8875.0
3	1	1	0	8296.0
2	1	1	0	8224.0
1	1	1	0	9826.0
6	1	0	0	4658.0
5	1	0	0	6322.0
4	1	0	0	7396.0
3	1	0	0	7025.0
2	1	0	0	6282.0
1	1	0	0	7359.0
6	1	0	0	5801.0
5	1	1	0	8373.0
4	1	1	0	9599.0
3	1	1	0	8296.0
2	1	1	0	8783.0
1	1	1	0	9976.0
6	1	0	0	5714.0
5	1	1	0	8118.0
4	1	1	0	8312.0
3	1	1	0	8563.0
2	1	1	1	8858.0
1	1	1	1	11241.0
6	1	0	0	5115.0
5	1	0	1	8095.0
3	12	0	1	5568.0
2	12	0	1	10946.0
1	12	0	1	10827.0
6	12	0	0	6017.0
3	12	0	1	5746.0
2	12	0	1	13152.0
1	12	0	1	13597.0
6	12	0	0	7511.0
5	12	1	0	10524.0
4	12	1	0	13254.0
3	12	1	0	10610.0
2	12	1	0	12495.0
1	12	1	0	12995.0
6	12	0	0	7448.0
5	12	0	0	6874.0
4	12	0	0	8223.0
3	12	0	0	7184.0
2	12	0	0	8265.0
1	12	0	0	8507.0
6	12	0	0	6984.0
5	12	1	0	11388.0
4	12	1	0	11348.0
3	12	1	0	9705.0
2	12	1	0	11183.0
1	12	1	0	12789.0
6	11	0	0	7999.0
5	11	1	0	11604.0
4	11	1	0	11193.0
3	11	1	0	8263.0
2	11	1	0	8752.0
1	11	1	0	9872.0
6	11	0	0	5310.0
5	11	0	0	7106.0
4	11	0	0	7382.0
3	11	0	0	6430.0
2	11	0	0	7069.0
1	11	0	0	7732.0
6	11	0	0	6186.0
5	11	1	0	8088.0
4	11	1	0	9586.0
3	11	1	0	7651.0
2	11	1	0	8275.0
1	11	1	0	9905.0
6	11	0	0	6074.0
5	11	1	0	9645.0
4	11	1	0	9670.0
3	11	1	0	9498.0
2	11	1	0	10484.0
1	11	1	0	13695.0
5	10	0	0	11021.0
4	10	0	0	8906.0
3	10	0	0	5971.0
2	10	0	0	6248.0
1	10	0	0	7262.0
6	10	0	0	5350.0
5	10	1	0	8210.0
4	10	1	0	8630.0
3	10	1	0	6690.0
2	10	1	0	7779.0
1	10	1	0	10150.0
6	10	0	0	5650.0
5	10	0	1	6931.0
4	10	0	1	7095.0
3	10	0	1	5993.0
2	10	0	1	6108.0
1	10	0	1	6512.0
6	10	0	0	5383.0
5	10	1	1	7794.0
4	10	1	1	9677.0
3	10	1	1	8028.0
2	10	1	1	8546.0
1	10	1	1	10531.0
6	10	0	0	6620.0
4	10	1	0	10963.0
3	10	1	0	8561.0
2	9	1	0	11768.0
1	9	1	0	10185.0
6	9	0	0	5710.0
5	9	0	0	6641.0
4	9	0	0	7286.0
3	9	0	0	5573.0
2	9	0	0	5704.0
1	9	0	0	6709.0
6	9	0	0	6029.0
5	9	1	0	8171.0
4	9	1	0	9990.0
3	9	1	0	7221.0
2	9	1	0	8511.0
1	9	1	0	10190.0
6	9	0	0	5814.0
5	9	0	0	6684.0
4	9	0	0	7561.0
3	9	0	0	6189.0
2	9	0	0	6643.0
1	9	0	0	6760.0
6	9	0	0	5390.0
5	9	1	0	7980.0
4	9	1	0	7909.0
3	9	1	0	8300.0
2	9	1	0	9342.0
1	9	1	0	13089.0
6	8	0	0	6712.0
5	8	0	0	9901.0
4	8	0	0	7925.0
3	8	0	0	5673.0
2	8	0	0	5570.0
1	8	0	0	7307.0
6	8	0	0	5702.0
5	8	1	0	8298.0
4	8	1	0	8462.0
3	8	1	0	9757.0
2	8	1	1	10828.0
1	8	1	1	12221.0
6	8	0	0	5691.0
5	8	0	1	7890.0
4	8	0	1	8190.0
3	8	0	1	6348.0
2	8	0	1	6766.0
1	8	0	1	7741.0
6	8	0	0	5600.0
5	8	1	1	8752.0
4	8	1	1	10186.0
3	8	1	1	7388.0
2	8	1	1	9150.0
1	8	1	1	10961.0
6	8	0	0	5616.0
5	8	1	1	8717.0
4	7	1	1	11952.0
3	7	1	1	8262.0
2	7	1	1	9141.0
1	7	1	1	10286.0
6	7	0	0	5093.0
5	7	0	1	7048.0
4	7	0	1	7701.0
3	7	0	1	5809.0
2	7	0	1	7425.0
1	7	0	1	8066.0
6	7	0	0	5136.0
5	7	1	1	8163.0
4	7	1	1	10215.0
3	7	1	1	8963.0
2	7	1	1	9290.0
1	7	1	1	11460.0
6	7	0	0	6064.0
5	7	0	1	8187.0
4	7	0	1	8871.0
3	7	0	1	5327.0
2	7	0	1	7221.0
1	7	0	1	7290.0
6	7	0	0	5974.0
5	7	1	0	8818.0
4	7	1	0	10461.0
3	7	1	0	9520.0
2	7	1	0	10152.0
1	6	1	0	16891.0
6	6	0	0	5443.0
5	6	0	0	7963.0
4	6	0	0	7619.0
3	6	0	0	6676.0
2	6	0	0	6789.0
1	6	0	0	7749.0
6	6	0	0	5647.0
5	6	1	0	11795.0
3	6	1	0	10716.0
2	6	1	0	10320.0
1	6	1	0	11462.0
6	6	0	0	5669.0
5	6	0	0	8421.0
4	6	0	0	8764.0
3	6	0	0	6948.0
2	6	0	1	8643.0
6	6	0	0	5891.0
5	6	1	0	9481.0
4	6	1	0	9390.0
3	6	1	0	9599.0
2	6	1	0	9868.0
1	6	1	0	12372.0
6	5	0	0	5865.0
5	5	0	0	12341.0
3	5	0	0	9265.0
2	5	0	0	7300.0
1	5	0	0	6439.0
6	5	0	0	5365.0
5	5	1	0	8740.0
4	5	1	0	8827.0
3	5	1	0	7735.0
2	5	1	0	8585.0
1	5	1	0	10225.0
6	5	0	0	5503.0
5	5	0	0	7227.0
4	5	0	0	7236.0
3	5	0	0	6421.0
2	5	0	0	6676.0
1	5	0	0	6834.0
6	5	0	0	6398.0
5	5	1	0	9025.0
4	5	1	0	10302.0
3	5	1	0	8544.0
2	5	1	0	9451.0
1	5	1	0	10893.0
6	5	0	0	6199.0
5	5	1	0	12153.0
3	4	1	0	12664.0
2	4	1	0	9367.0
1	4	1	0	10893.0
6	4	0	0	5173.0
5	4	0	1	6046.0
4	4	0	1	7030.0
3	4	0	1	6052.0
2	4	0	1	7882.0
6	4	0	0	8041.0
4	4	1	1	12038.0
3	4	1	1	9297.0
2	4	1	1	10983.0
1	4	1	1	11999.0
6	4	0	0	5794.0
5	4	0	0	7885.0
4	4	0	0	8448.0
3	4	0	0	7369.0
2	4	0	0	6276.0
1	4	0	0	7667.0
6	4	0	0	5485.0
5	4	1	0	8807.0
4	4	1	0	9682.0
3	4	1	0	8130.0
2	4	1	0	9620.0
1	3	1	0	14009.0
6	3	0	0	6115.0
5	3	0	0	8089.0
4	3	0	0	8038.0
3	3	0	0	6721.0
2	3	0	0	7030.0
1	3	0	0	8442.0
6	3	0	0	5155.0
5	3	1	0	7825.0
4	3	1	0	9729.0
3	3	1	0	8580.0
2	3	1	0	9109.0
1	3	1	0	10706.0
6	3	0	0	5651.0
5	3	0	0	7011.0
4	3	0	0	7743.0
3	3	0	0	6067.0
2	3	0	0	6564.0
1	3	0	0	7359.0
6	3	0	0	5867.0
5	3	1	0	9364.0
4	3	1	0	9856.0
3	3	1	0	8381.0
2	3	1	0	9949.0
1	3	1	0	12439.0
6	3	0	0	7522.0
5	2	0	0	10248.0
4	2	0	0	8831.0
3	2	0	0	6588.0
2	2	0	0	7237.0
1	2	0	0	7176.0
6	2	0	0	5961.0
5	2	1	0	7741.0
4	2	1	0	9892.0
3	2	1	0	8145.0
2	2	1	0	8854.0
1	2	1	0	10802.0
6	2	0	0	5984.0
5	2	0	0	8142.0
4	2	0	0	7821.0
3	2	0	0	5849.0
2	2	0	0	6961.0
1	2	0	0	7542.0
6	2	0	0	5557.0
5	2	1	0	7492.0
4	2	1	0	9820.0
3	2	1	0	8510.0
2	2	1	0	10372.0
1	2	1	0	12872.0
6	2	0	0	6641.0
5	1	0	0	9302.0
4	1	0	0	7549.0
3	1	0	0	6093.0
2	1	0	0	6602.0
1	1	0	0	6290.0
6	1	0	0	4807.0
5	1	1	0	8530.0
4	1	1	0	8278.0
3	1	1	0	8176.0
2	1	1	0	9270.0
1	1	1	0	11839.0
6	1	0	0	5844.0
5	1	0	0	7358.0
4	1	0	0	7319.0
3	1	0	0	6017.0
2	1	0	0	6305.0
1	1	0	0	7901.0
6	1	0	0	5656.0
5	1	1	0	8813.0
4	1	1	0	8868.0
3	1	1	0	8819.0
2	1	1	1	10025.0
1	1	1	1	12405.0
6	1	0	0	5386.0
5	1	0	1	8239.0
4	1	0	1	8493.0
2	12	0	1	5129.0
1	12	0	1	12607.0
6	12	0	0	5633.0
5	12	0	1	9508.0
2	12	0	1	6417.0
1	12	0	1	15873.0
6	12	0	0	9617.0
5	12	1	0	12583.0
4	12	1	0	13662.0
3	12	1	0	12531.0
2	12	1	0	12937.0
1	12	1	0	15191.0
6	12	0	0	7804.0
5	12	0	0	8609.0
4	12	0	0	9064.0
3	12	0	0	7957.0
2	12	0	0	8727.0
1	12	0	0	8766.0
6	12	0	0	7432.0
5	12	1	0	9459.0
4	12	1	0	12698.0
3	12	1	0	10422.0
2	12	1	0	12220.0
1	12	1	0	14042.0
6	11	0	0	8978.0
5	11	0	0	11327.0
4	11	0	0	9288.0
3	11	0	0	7863.0
2	11	0	0	8305.0
1	11	0	0	8856.0
6	11	0	0	5429.0
5	11	1	0	9234.0
4	11	1	0	10056.0
3	11	1	0	7825.0
2	11	1	0	8485.0
1	11	1	0	11040.0
6	11	0	0	6342.0
5	11	0	0	7976.0
4	11	0	0	8337.0
3	11	0	0	6732.0
2	11	0	0	6542.0
1	11	0	0	7655.0
6	11	0	0	6430.0
5	11	1	0	10518.0
4	11	1	0	9156.0
3	11	1	0	9419.0
2	11	1	0	11202.0
1	11	1	0	11718.0
6	11	0	0	8031.0
4	10	0	1	10874.0
3	10	0	1	8270.0
2	10	0	1	7216.0
1	10	0	1	6323.0
6	10	0	0	5082.0
5	10	1	1	7682.0
4	10	1	1	8698.0
3	10	1	1	7506.0
2	10	1	1	8120.0
1	10	1	1	10403.0
6	10	0	0	5392.0
5	10	0	0	7428.0
4	10	0	0	7736.0
3	10	0	0	6781.0
2	10	0	0	6480.0
1	10	0	0	7647.0
6	10	0	0	5918.0
5	10	1	0	7993.0
4	10	1	0	9649.0
3	10	1	0	8654.0
2	10	1	0	9856.0
1	10	1	0	11909.0
6	10	0	0	5502.0
5	10	0	0	9712.0
3	10	0	0	9185.0
2	10	0	0	8278.0
1	9	0	0	9293.0
6	9	0	0	6167.0
5	9	1	0	8312.0
4	9	1	0	8439.0
3	9	1	0	7163.0
2	9	1	0	8070.0
1	9	1	0	10515.0
6	9	0	0	5201.0
5	9	0	0	6951.0
4	9	0	0	7931.0
3	9	0	0	6255.0
2	9	0	0	6352.0
1	9	0	0	7270.0
6	9	0	0	5555.0
5	9	1	0	9276.0
4	9	1	0	10807.0
3	9	1	0	8801.0
2	9	1	0	9311.0
1	9	1	0	11982.0
6	9	0	0	6094.0
5	9	0	0	8107.0
4	9	0	0	7600.0
3	9	0	0	8236.0
2	9	0	1	9996.0
1	9	0	1	10336.0
6	8	0	0	7492.0
5	8	1	1	12464.0
4	8	1	1	10086.0
3	8	1	1	8634.0
2	8	1	1	9896.0
1	8	1	1	11421.0
6	8	0	0	5948.0
5	8	0	1	7052.0
4	8	0	1	7904.0
3	8	0	1	6576.0
2	8	0	1	7323.0
1	8	0	1	7753.0
6	8	0	0	5590.0
5	8	1	1	8971.0
4	8	1	1	10296.0
3	8	1	1	9081.0
2	8	1	1	10215.0
1	8	1	1	13795.0
6	8	0	0	5825.0
5	8	0	1	8471.0
4	8	0	1	9887.0
3	8	0	1	7262.0
2	8	0	1	7725.0
1	8	0	1	8687.0
6	8	0	0	6700.0
5	8	1	1	9568.0
4	8	1	1	13004.0
3	7	1	1	13405.0
2	7	1	1	12434.0
1	7	1	1	13318.0
6	7	0	0	5783.0
5	7	0	1	7964.0
4	7	0	1	8691.0
3	7	0	1	8506.0
2	7	0	1	7138.0
1	7	0	1	8218.0
6	7	0	0	6155.0
5	7	1	0	11125.0
4	7	1	0	11414.0
3	7	1	0	9922.0
2	7	1	0	11638.0
1	7	1	0	14961.0
6	7	0	0	6779.0
5	7	0	0	9294.0
4	7	0	0	10127.0
3	7	0	0	8011.0
2	7	0	0	8794.0
1	7	0	0	8304.0
6	7	0	0	5673.0
5	7	1	0	10168.0
4	7	1	0	11029.0
3	7	1	0	10449.0
2	7	1	0	10931.0
1	7	1	0	15445.0
6	6	0	0	7379.0
5	6	0	0	10732.0
4	6	0	0	8794.0
3	6	0	0	7231.0
2	6	0	0	7069.0
1	6	0	0	8714.0
6	6	0	0	6996.0
5	6	1	0	9948.0
4	6	1	0	9732.0
3	6	1	0	8241.0
2	6	1	0	8821.0
1	6	1	0	13557.0
6	6	0	0	6458.0
5	6	0	0	9212.0
4	6	0	0	8602.0
3	6	0	0	8166.0
2	6	0	0	8749.0
1	6	0	0	9870.0
6	6	0	0	5885.0
5	6	1	0	10297.0
4	6	1	0	10596.0
3	6	1	0	9537.0
2	6	1	0	10206.0
1	6	1	0	12733.0
6	6	0	0	7603.0
5	5	1	0	16271.0
3	5	1	0	11615.0
2	5	1	0	10236.0
1	5	1	0	11823.0
6	5	0	0	6725.0
5	5	0	0	9041.0
4	5	0	0	8052.0
3	5	0	0	8087.0
2	5	0	1	9956.0
6	5	0	0	7223.0
5	5	1	0	10301.0
4	5	1	0	10389.0
3	5	1	0	10241.0
2	5	1	0	11871.0
1	5	1	0	12185.0
6	5	0	0	7451.0
5	5	0	0	11236.0
3	5	0	0	11752.0
2	5	0	0	9686.0
1	5	0	0	8840.0
6	5	0	0	7397.0
5	5	1	0	12080.0
4	5	1	0	14117.0
2	4	1	0	15156.0
1	4	1	0	13214.0
6	4	0	0	6939.0
5	4	1	0	10096.0
4	4	1	0	10151.0
3	4	1	0	9508.0
2	4	1	0	10612.0
1	4	1	0	12693.0
6	4	0	0	6639.0
5	4	0	0	8819.0
4	4	0	0	9032.0
3	4	0	0	8203.0
2	4	0	0	7996.0
1	4	0	0	7894.0
6	4	0	0	6778.0
5	4	1	0	9868.0
4	4	1	0	11495.0
3	4	1	0	9672.0
2	4	1	0	10974.0
1	4	1	0	14260.0
6	4	0	0	7052.0
5	4	0	1	9130.0
4	4	0	1	10016.0
3	4	0	1	8671.0
2	4	0	1	11542.0
6	3	0	0	10253.0
4	3	1	1	16115.0
3	3	1	1	12075.0
2	3	1	1	10434.0
1	3	1	1	12828.0
6	3	0	0	6368.0
5	3	1	0	9960.0
4	3	1	0	10653.0
3	3	1	0	8762.0
2	3	1	0	11417.0
1	3	1	0	13968.0
6	3	0	0	6227.0
5	3	0	0	10410.0
4	3	0	0	9052.0
3	3	0	0	8344.0
2	3	0	0	5103.0
1	3	0	0	8688.0
6	3	0	0	6502.0
5	3	1	0	10606.0
4	3	1	0	12031.0
3	3	1	0	9865.0
2	3	1	0	10598.0
1	3	1	0	14063.0
6	3	0	0	8318.0
5	3	0	0	10753.0
4	2	0	0	11668.0
3	2	0	0	8896.0
2	2	0	0	8160.0
1	2	0	0	8134.0
6	2	0	0	6145.0
5	2	1	0	9629.0
4	2	1	0	10085.0
3	2	1	0	9400.0
2	2	1	0	9404.0
1	2	1	0	14841.0
6	2	0	0	7247.0
5	2	0	0	8139.0
4	2	0	0	10617.0
3	2	0	0	8582.0
2	2	0	0	9445.0
1	2	0	0	3669.0
6	2	0	0	7267.0
5	2	1	0	10118.0
4	2	1	0	10229.0
3	2	1	0	9530.0
2	2	1	0	10642.0
1	2	1	0	14827.0
6	2	0	0	7942.0
5	2	0	0	10963.0
4	1	0	0	11537.0
3	1	0	0	7639.0
2	1	0	0	7458.0
1	1	0	0	7892.0
6	1	0	0	5903.0
5	1	1	0	9941.0
4	1	1	0	10402.0
3	1	1	0	9151.0
2	1	1	0	10911.0
1	1	1	0	10927.0
6	1	0	0	6325.0
5	1	0	0	8643.0
4	1	0	0	9342.0
3	1	0	0	6714.0
2	1	0	0	7769.0
1	1	0	0	7736.0
6	1	0	0	6826.0
5	1	1	0	9471.0
4	1	1	0	11694.0
3	1	1	0	9631.0
2	1	1	0	11198.0
1	1	1	0	15299.0
6	1	0	0	6836.0
5	1	0	1	9240.0
4	1	0	1	8970.0
3	1	0	1	9898.0
